0.0889782, 0.0796432, 0.0943936, 0.113613, 0.0400317,
0.453044, 0.436817, 0.449911, 0.446913, 0.0399462,
0.51865, 0.515448, 0.5094, 0.50951, 0.0400035,
0.538997, 0.543775, 0.538977, 0.537143, 0.00498471,
0.527086, 0.533216, 0.527098, 0.527139, 0.0390209,
0.526633, 0.523871, 0.526095, 0.526914, 0.0399563,
0.525656, 0.524026, 0.525707, 0.526215, 0.00647893,
0.525227, 0.523696, 0.525173, 0.525786, 0.0375342,
0.523185, 0.522999, 0.523511, 0.523516, 0.0399913,
0.522337, 0.522725, 0.52288, 0.523076, 0.0402091,
0.52179, 0.521921, 0.52255, 0.522484, 0.0321954,
0.521153, 0.521455, 0.522016, 0.522309, 0.0240603,
0.52114, 0.521175, 0.521668, 0.52188, 0.0395489,
0.520863, 0.521091, 0.521649, 0.52212, 0.0400191,
0.521059, 0.521167, 0.52111, 0.521691, 0.0323118,
0.521002, 0.521005, 0.521186, 0.52155, 0.0396709,
0.520913, 0.520952, 0.520901, 0.52162, 0.0566279,
0.520928, 0.520897, 0.5206, 0.52133, 0.0393466,
0.521111, 0.520997, 0.520676, 0.520929, 0.0400398,
0.520941, 0.521044, 0.520689, 0.52094, 0.0399568,
0.521041, 0.520934, 0.52067, 0.521293, 0.0399825,
0.520952, 0.520936, 0.521011, 0.521068, 0.0400223,
0.521072, 0.521025, 0.520948, 0.520783, 0.0399745,
0.520792, 0.520915, 0.520762, 0.521079, 0.0400073,
0.52092, 0.521031, 0.520403, 0.52095, 0.0400359,
0.520892, 0.521211, 0.520513, 0.520908, 0.039957,
0.520933, 0.5209, 0.520689, 0.520984, 0.0400034,
0.520954, 0.520832, 0.520621, 0.520916, 0.0400275,
0.520643, 0.520863, 0.520759, 0.520914, 0.0400009,
0.5208, 0.520855, 0.520644, 0.520997, 0.0399714,
0.520941, 0.520567, 0.520715, 0.520955, 0.040762,
0.520823, 0.520499, 0.520741, 0.520874, 0.039299,
0.520936, 0.521075, 0.520856, 0.520969, 0.0401556,
0.520973, 0.52074, 0.52093, 0.52111, 0.0398349,
0.520947, 0.520957, 0.520932, 0.520979, 0.0399943,
0.520852, 0.520918, 0.520846, 0.520935, 0.039998,
0.520923, 0.520557, 0.520825, 0.520649, 0.0400028,
0.520719, 0.521015, 0.52072, 0.520835, 0.0195961,
0.52074, 0.521185, 0.520642, 0.520757, 0.0142386,
0.520947, 0.52051, 0.520662, 0.521045, 0.0381545,
0.520844, 0.520465, 0.520786, 0.520785, 0.0402391,
0.520889, 0.520253, 0.52078, 0.520979, 0.0398374,
0.52097, 0.520387, 0.520964, 0.520887, 0.00460595,
0.521004, 0.520395, 0.520943, 0.521042, 0.0393078,
0.520902, 0.520557, 0.520613, 0.52095, 0.0400229,
0.520601, 0.520662, 0.520906, 0.52077, 0.0399857,
0.520894, 0.520538, 0.520992, 0.520652, 0.0400581,
0.520894, 0.520583, 0.520916, 0.520853, 0.00149854,
0.52092, 0.52062, 0.52095, 0.520942, 0.0388771,
0.520939, 0.520593, 0.521003, 0.520838, 0.0395474,
0.520837, 0.520591, 0.520937, 0.520966, 0.0400013,
0.520939, 0.520541, 0.521026, 0.520898, 0.0399914,
0.520941, 0.520481, 0.521102, 0.52116, 0.0400457,
0.520868, 0.520753, 0.520835, 0.520788, 0.0110379,
0.521041, 0.520832, 0.520914, 0.52101, 0.0369454,
0.520933, 0.52068, 0.520906, 0.520955, 0.0400152,
0.520826, 0.520879, 0.520964, 0.52095, 0.0400259,
0.520755, 0.520806, 0.520875, 0.520908, 0.0400007,
0.520666, 0.520855, 0.520843, 0.521016, 0.00308999,
0.520999, 0.520881, 0.520814, 0.520654, 0.0370555,
0.520844, 0.520947, 0.520935, 0.520895, 0.039843,
0.520944, 0.521023, 0.52093, 0.520633, 0.00122169,
0.520983, 0.520536, 0.520937, 0.521013, 0.0387835,
0.520894, 0.52091, 0.520882, 0.520853, 0.0399667,
0.520834, 0.520939, 0.520893, 0.521039, 0.0399762,
0.521038, 0.520991, 0.520916, 0.520722, 0.00888378,
0.520797, 0.520926, 0.520772, 0.520903, 0.0391327,
0.521009, 0.520879, 0.520597, 0.520565, 0.0400078,
0.520805, 0.52096, 0.520903, 0.520757, 0.00608642,
0.520813, 0.52097, 0.520914, 0.520746, 0.0379866,
0.520897, 0.520402, 0.520898, 0.520783, 0.0399092,
0.520941, 0.520337, 0.520937, 0.520657, 0.0400342,
0.520666, 0.520465, 0.520885, 0.520576, 0.0176499,
0.520816, 0.52034, 0.520877, 0.520657, 0.0239053,
0.520708, 0.520905, 0.520859, 0.520725, 0.0384025,
0.520913, 0.520711, 0.521026, 0.520738, 0.0405944,
0.520795, 0.520628, 0.521163, 0.521123, 0.00481086,
0.520755, 0.5208, 0.520906, 0.520856, 0.0386156,
0.520931, 0.521088, 0.520909, 0.521016, 0.0400371,
0.520863, 0.520635, 0.520932, 0.520948, 0.0399447,
0.520863, 0.520591, 0.520971, 0.520887, 0.0399911,
0.520923, 0.520499, 0.520893, 0.521068, 0.00436775,
0.520933, 0.520732, 0.520786, 0.520785, 0.0396577,
0.520988, 0.520884, 0.520901, 0.520927, 0.0400047,
0.520863, 0.520929, 0.520869, 0.520521, 0.0440226,
0.52097, 0.520811, 0.520903, 0.520743, 0.0399877,
0.520973, 0.520866, 0.520864, 0.520966, 0.0399862,
0.520894, 0.521005, 0.520916, 0.520851, 0.0401072,
0.520821, 0.520895, 0.520919, 0.520929, 0.0398903,
0.520821, 0.520785, 0.520945, 0.520911, 0.0401131,
0.52092, 0.521012, 0.520927, 0.520798, 0.0398657,
0.520949, 0.52097, 0.520859, 0.520793, 0.0400391,
0.520858, 0.520735, 0.521005, 0.520618, 0.00706848,
0.52086, 0.520743, 0.520958, 0.52073, 0.0369256,
0.520504, 0.520672, 0.520948, 0.520835, 0.0399838,
0.520512, 0.520939, 0.52082, 0.520901, 0.0400409,
0.520865, 0.520685, 0.520741, 0.520623, 0.00557385,
0.520677, 0.520638, 0.521011, 0.520935, 0.0383645,
0.520813, 0.520711, 0.520966, 0.521021, 0.0400093,
0.521043, 0.520635, 0.520914, 0.520882, 0.0399885,
0.520842, 0.520798, 0.520937, 0.520796, 0.0400397,
0.520986, 0.520881, 0.520937, 0.52083, 0.0400215,
0.520926, 0.520855, 0.520911, 0.520974, 0.000950272,
0.521012, 0.520944, 0.520597, 0.520809, 0.0392319,
0.520687, 0.521169, 0.520689, 0.520911, 0.0397738,
0.52091, 0.52091, 0.520511, 0.520754, 0.0400008,
0.520829, 0.520874, 0.520733, 0.520966, 0.00283687,
0.521085, 0.520965, 0.520895, 0.52084, 0.0372055,
0.520711, 0.520968, 0.520911, 0.520932, 0.0399676,
0.520915, 0.520965, 0.520932, 0.520901, 0.0399911,
0.520881, 0.520984, 0.520882, 0.520623, 0.0400291,
0.52107, 0.520813, 0.520898, 0.520908, 0.0399613,
0.520808, 0.521107, 0.521087, 0.520702, 0.000116457,
0.520795, 0.520662, 0.520943, 0.520872, 0.0398755,
0.520892, 0.520806, 0.521047, 0.520772, 0.0400035,
0.520863, 0.520646, 0.520916, 0.520751, 0.0400039,
0.5208, 0.520625, 0.520995, 0.520853, 0.00290566,
0.520928, 0.520614, 0.521011, 0.520681, 0.0371101,
0.520991, 0.520664, 0.520751, 0.520722, 0.0399825,
0.520782, 0.520342, 0.520974, 0.52094, 0.0400008,
0.520813, 0.520384, 0.520786, 0.52084, 0.0187934,
0.521067, 0.520436, 0.52077, 0.520903, 0.0130837,
0.520889, 0.520902, 0.52095, 0.520945, 0.0361504,
0.520721, 0.520381, 0.520966, 0.520948, 0.0399568,
0.520648, 0.520256, 0.520922, 0.520932, 0.0400043,
0.520897, 0.520253, 0.520825, 0.520924, 0.0400361,
0.521117, 0.520245, 0.520969, 0.520647, 0.0399719,
0.520915, 0.520965, 0.520843, 0.520633, 0.0400876,
0.521114, 0.520345, 0.52093, 0.521058, 0.0399269,
0.52074, 0.520719, 0.521113, 0.520861, 0.0400187,
0.520926, 0.520607, 0.520914, 0.521016, 0.00010308,
0.520907, 0.52069, 0.520961, 0.520762, 0.0398635,
0.520954, 0.52052, 0.520801, 0.520901, 0.0400004,
0.521475, 0.520452, 0.520683, 0.520788, 0.0400252,
0.521127, 0.520667, 0.520814, 0.520853, 0.0421979,
0.520991, 0.520942, 0.520838, 0.520906, 0.00186115,
0.520915, 0.521015, 0.520856, 0.52095, 0.0401472,
0.520724, 0.520876, 0.520843, 0.520887, 0.0398082,
0.520661, 0.520792, 0.520982, 0.52083, 0.0400561,
0.520823, 0.520633, 0.521026, 0.520796, 0.00320611,
0.520876, 0.520913, 0.520804, 0.520945, 0.0366992,
0.520638, 0.520751, 0.520833, 0.520937, 0.0400784,
0.520331, 0.520502, 0.521, 0.521031, 0.00799604,
0.520577, 0.520599, 0.520998, 0.520955, 0.0359517,
0.520572, 0.520826, 0.52094, 0.520929, 0.0400124,
0.520601, 0.520562, 0.521016, 0.521039, 0.0399656,
0.520496, 0.520764, 0.520903, 0.520945, 0.00516,
0.521007, 0.52079, 0.520961, 0.520882, 0.0388408,
0.520737, 0.520866, 0.520744, 0.520796, 0.0399962,
0.520975, 0.520955, 0.520914, 0.520764, 0.0400145,
0.521009, 0.520936, 0.520956, 0.520861, 0.0400244,
0.52092, 0.521083, 0.520945, 0.520924, 0.0402807,
0.521111, 0.520832, 0.520869, 0.520924, 0.0396884,
0.521015, 0.520984, 0.520948, 0.520717, 0.0400636,
0.520886, 0.520884, 0.52094, 0.521058, 0.0399297,
0.520808, 0.520947, 0.520759, 0.520678, 0.000531075,
0.520829, 0.520926, 0.520935, 0.520877, 0.03947,
0.521051, 0.520745, 0.520919, 0.520657, 0.0400561,
0.521036, 0.520706, 0.520961, 0.521016, 0.0399293,
0.520831, 0.520507, 0.520961, 0.520709, 0.00131271,
0.521033, 0.520363, 0.521058, 0.520937, 0.0388572,
0.520881, 0.520384, 0.520935, 0.520751, 0.0398413,
0.520617, 0.520879, 0.520791, 0.520835, 0.0400321,
0.520727, 0.520429, 0.520882, 0.521073, 0.0400083,
0.520719, 0.520436, 0.520958, 0.520987, 0.00362733,
0.520834, 0.520549, 0.520869, 0.520971, 0.0366995,
0.520708, 0.520675, 0.52095, 0.520976, 0.039725,
0.520894, 0.520507, 0.520924, 0.521039, 0.0399433,
0.520837, 0.520669, 0.520806, 0.520929, 0.0399737,
0.521002, 0.520648, 0.520851, 0.520937, 9.0328e-05,
0.520787, 0.52063, 0.520919, 0.520955, 0.0106615,
0.520844, 0.520984, 0.520757, 0.52083, 0.024016,
0.520926, 0.520929, 0.520906, 0.520866, 0.037255,
0.520753, 0.521418, 0.520919, 0.520733, 0.0400266,
0.520915, 0.52096, 0.52082, 0.520704, 0.000965114,
0.520834, 0.521015, 0.521, 0.52088, 0.0390011,
0.520962, 0.521005, 0.520943, 0.520843, 0.0399908,
0.520988, 0.520847, 0.520919, 0.521079, 0.00672727,
0.520858, 0.520923, 0.52089, 0.520911, 0.0375181,
0.520884, 0.520905, 0.520911, 0.520743, 0.0397767,
0.520975, 0.520761, 0.520788, 0.520788, 0.0399811,
0.520823, 0.521065, 0.521029, 0.520908, 0.00559154,
0.520858, 0.520787, 0.520919, 0.520751, 0.0383936,
0.520847, 0.520669, 0.520945, 0.520887, 0.0401146,
0.520821, 0.52062, 0.520924, 0.520895, 0.0399136,
0.521041, 0.520502, 0.520943, 0.520856, 0.0399851,
0.520821, 0.520874, 0.520838, 0.520728, 0.0400331,
0.520933, 0.520656, 0.520987, 0.520898, 0.0399437,
0.520782, 0.520714, 0.521063, 0.520955, 0.00436307,
0.520923, 0.520782, 0.520846, 0.520749, 0.039643,
0.52081, 0.520847, 0.520843, 0.520935, 0.0400261,
0.52081, 0.520659, 0.52095, 0.520961, 0.0399712,
0.520858, 0.520782, 0.520911, 0.520979, 0.0400235,
0.521007, 0.520923, 0.520867, 0.520754, 0.0399632,
0.52085, 0.520876, 0.520982, 0.520869, 0.0400391,
0.520789, 0.520782, 0.52095, 0.520662, 0.0399904,
0.520894, 0.520842, 0.521005, 0.520914, 0.0400601,
0.521093, 0.520604, 0.52093, 0.520948, 0.0399635,
0.521177, 0.521177, 0.520825, 0.520919, 0.0400174,
0.520999, 0.520918, 0.520804, 0.520914, 0.0405914,
0.521146, 0.520892, 0.520898, 0.521045, 0.0393628,
0.520792, 0.520795, 0.520977, 0.520853, 0.0399888,
0.52081, 0.520641, 0.520877, 0.520974, 0.0400162,
0.520721, 0.520853, 0.52093, 0.520921, 0.0400289,
0.520878, 0.520905, 0.52105, 0.520874, 0.0400029,
0.520755, 0.52097, 0.52088, 0.520715, 0.0401487,
0.520774, 0.520766, 0.521034, 0.520817, 0.0398279,
0.520831, 0.520832, 0.520916, 0.520827, 0.0400315,
0.521093, 0.520926, 0.520956, 0.520785, 0.00170251,
0.521012, 0.521287, 0.52095, 0.521055, 0.0382385,
0.520577, 0.52074, 0.520922, 0.520914, 0.0400489,
0.520852, 0.520897, 0.520888, 0.520898, 0.0399624,
0.520931, 0.521109, 0.520712, 0.520997, 0.0399882,
0.520944, 0.520986, 0.520927, 0.520812, 0.0399924,
0.520962, 0.52096, 0.520854, 0.52089, 0.0400092,
0.520928, 0.520984, 0.52093, 0.520971, 0.0400347,
0.520863, 0.52097, 0.520984, 0.520945, 0.0399756,
0.520813, 0.520929, 0.520953, 0.520948, 0.0400033,
0.520659, 0.520779, 0.52082, 0.520929, 0.0399929,
0.520986, 0.520777, 0.520906, 0.520843, 0.0440628,
0.520947, 0.520858, 0.521016, 0.520754, 0.039923,
0.520889, 0.52073, 0.52088, 0.520715, 0.0400405,
0.520913, 0.520685, 0.520888, 0.520906, 0.0399849,
0.521156, 0.520646, 0.520982, 0.520856, 0.0400235,
0.521067, 0.520965, 0.520817, 0.520919, 0.0402915,
0.520897, 0.520685, 0.52111, 0.521037, 0.0396966,
0.520478, 0.520523, 0.521026, 0.520882, 0.0400047,
0.520488, 0.520693, 0.520945, 0.520825, 0.00850225,
0.520371, 0.521232, 0.520971, 0.520929, 0.0394618,
0.520428, 0.520638, 0.521024, 0.520866, 0.0403761,
0.520792, 0.520654, 0.520903, 0.520921, 0.0396239,
0.520905, 0.520918, 0.520935, 0.520704, 0.0400272,
0.521056, 0.521031, 0.520971, 0.52078, 0.0400205,
0.520965, 0.520905, 0.521024, 0.520497, 0.03998,
0.52092, 0.520934, 0.520953, 0.520835, 0.0399732,
0.520933, 0.520881, 0.520992, 0.520885, 0.0400366,
0.521049, 0.520928, 0.520992, 0.520746, 0.0400288,
0.520803, 0.52068, 0.520843, 0.520783, 0.0400169,
0.520941, 0.520541, 0.520775, 0.520856, 0.0399356,
0.520975, 0.520855, 0.520916, 0.520793, 0.0399804,
0.520771, 0.520803, 0.52093, 0.520911, 0.0400384,
0.520423, 0.520766, 0.520958, 0.520937, 0.0401526,
0.520381, 0.520826, 0.521003, 0.520793, 0.0399147,
0.520496, 0.520837, 0.521053, 0.520613, 0.000713751,
0.520732, 0.521049, 0.520877, 0.520775, 0.0391708,
0.520805, 0.520685, 0.521003, 0.521031, 0.0402294,
0.52063, 0.520609, 0.520895, 0.520887, 0.0398187,
0.520873, 0.521046, 0.520964, 0.520937, 0.0399842,
0.520842, 0.52074, 0.520882, 0.521016, 0.0399995,
0.520766, 0.520963, 0.520914, 0.520911, 0.0400116,
0.520939, 0.521052, 0.520744, 0.520906, 0.0400207,
0.520939, 0.521025, 0.520731, 0.520788, 0.039988,
0.521062, 0.520942, 0.520681, 0.520673, 0.0399564,
0.520918, 0.521156, 0.520895, 0.520916, 0.0400105,
0.520915, 0.520805, 0.520801, 0.52084, 0.0436695,
0.52092, 0.520957, 0.520573, 0.520874, 0.0487798,
0.52102, 0.521052, 0.520414, 0.520825, 0.0396878,
0.520975, 0.520905, 0.520571, 0.520893, 0.0398559,
0.520936, 0.520949, 0.520838, 0.520838, 0.0400454,
0.520844, 0.520894, 0.520937, 0.520757, 0.0399521,
0.520871, 0.520936, 0.52088, 0.520696, 0.0400602,
0.520575, 0.521266, 0.520948, 0.520877, 0.00486515,
0.520732, 0.52129, 0.520888, 0.521008, 0.0391506,
0.521056, 0.521119, 0.520542, 0.520775, 0.0399466,
0.520991, 0.520881, 0.520647, 0.520937, 0.0211618,
0.520902, 0.520763, 0.520754, 0.520927, 0.0163064,
0.521177, 0.520698, 0.520647, 0.520898, 0.0404767,
0.520559, 0.5209, 0.520736, 0.520861, 0.0380533,
0.520415, 0.520659, 0.520846, 0.520906, 0.040054,
0.520337, 0.520803, 0.521008, 0.520911, 0.0402836,
0.520567, 0.520965, 0.520966, 0.520741, 0.039713,
0.520844, 0.520996, 0.521053, 0.520963, 0.0399897,
0.520965, 0.520931, 0.520895, 0.520725, 0.0400025,
0.520941, 0.52058, 0.521087, 0.520953, 0.0399739,
0.520988, 0.520701, 0.520843, 0.521118, 0.0402918,
0.520928, 0.520918, 0.520799, 0.520733, 0.0397006,
0.520962, 0.520892, 0.520689, 0.520722, 0.0399976,
0.520821, 0.52102, 0.521225, 0.520901, 0.0399782,
0.520779, 0.521096, 0.521032, 0.520859, 0.040032,
0.520999, 0.520881, 0.521039, 0.520819, 0.00369457,
0.520842, 0.520782, 0.520835, 0.52089, 0.036332,
0.520755, 0.520852, 0.520974, 0.520976, 0.0401,
0.520949, 0.520591, 0.52095, 0.520804, 0.044341,
0.520834, 0.521256, 0.520801, 0.520948, 0.039524,
0.520994, 0.520876, 0.521053, 0.52094, 0.0400608,
0.520965, 0.520873, 0.520935, 0.520911, 0.0399887,
0.520834, 0.520858, 0.521034, 0.520979, 0.00166224,
0.520962, 0.520708, 0.520943, 0.520903, 0.0383075,
0.520732, 0.520818, 0.520919, 0.520874, 0.0399873,
0.520889, 0.520635, 0.520945, 0.520953, 0.0400917,
0.521009, 0.520677, 0.520922, 0.520874, 0.0399196,
0.520881, 0.520682, 0.520822, 0.520759, 0.0439799,
0.520931, 0.520805, 0.520903, 0.520592, 0.040013,
0.520666, 0.521054, 0.52088, 0.520665, 0.0399687,
0.52069, 0.520884, 0.520966, 0.520812, 0.0401693,
0.520978, 0.520774, 0.520964, 0.520788, 0.00758171,
0.521041, 0.5208, 0.520916, 0.520746, 0.0362714,
0.521122, 0.520418, 0.52061, 0.520565, 0.0399985,
0.521093, 0.520633, 0.520751, 0.520725, 0.0400016,
0.520852, 0.520732, 0.521021, 0.520743, 0.004829,
0.521093, 0.520394, 0.52094, 0.520861, 0.039184,
0.520645, 0.520342, 0.520992, 0.520599, 0.0400096,
0.520431, 0.520389, 0.520969, 0.520791, 0.0399756,
0.520648, 0.520413, 0.521108, 0.52084, 0.000937505,
0.52103, 0.520489, 0.521191, 0.520798, 0.0390652,
0.52096, 0.520402, 0.520869, 0.520793, 0.0399902,
0.520724, 0.520394, 0.520956, 0.520942, 0.0399913,
0.520601, 0.520473, 0.520911, 0.520895, 0.000645923,
0.52064, 0.520674, 0.520974, 0.520877, 0.0394697,
0.52057, 0.520905, 0.520833, 0.520969, 0.0398984,
0.52046, 0.520352, 0.520775, 0.520893, 0.000945797,
0.520287, 0.520455, 0.520636, 0.520686, 0.0390837,
0.52053, 0.520567, 0.520704, 0.520838, 0.0399458,
0.5208, 0.520564, 0.520529, 0.520678, 0.0400078,
0.520915, 0.520771, 0.520744, 0.520762, 0.0402259,
0.521007, 0.521292, 0.520618, 0.520791, 0.000607515,
0.520923, 0.520708, 0.520741, 0.520859, 0.0392273,
0.520868, 0.52091, 0.520851, 0.520916, 0.0399746,
0.520703, 0.520763, 0.520911, 0.520976, 0.040033,
0.520947, 0.520975, 0.52095, 0.520848, 0.0399793,
0.520889, 0.520795, 0.520914, 0.52105, 0.00132553,
0.520923, 0.520837, 0.520529, 0.520586, 0.0388061,
0.520905, 0.521051, 0.520759, 0.52083, 0.03983,
0.521098, 0.520936, 0.520841, 0.520618, 0.0399996,
0.521125, 0.520674, 0.520801, 0.520955, 0.00362252,
0.520902, 0.520737, 0.520772, 0.520861, 0.0363752,
0.520837, 0.520575, 0.520906, 0.520819, 0.0399822,
0.521161, 0.520358, 0.52095, 0.52066, 0.0400743,
0.520858, 0.520509, 0.520961, 0.520712, 0.000107039,
0.52069, 0.520952, 0.520783, 0.520851, 0.0162459,
0.520737, 0.520894, 0.520812, 0.520681, 0.0243788,
0.52063, 0.520633, 0.520924, 0.520848, 0.0393051,
0.520761, 0.520758, 0.520992, 0.520746, 0.0399336,
0.520693, 0.520962, 0.520932, 0.520764, 0.0401119,
0.520797, 0.520758, 0.520948, 0.520764, 0.00102178,
0.520486, 0.520934, 0.520882, 0.520906, 0.0388276,
0.520656, 0.520797, 0.520793, 0.520887, 0.0400965,
0.520776, 0.520939, 0.520864, 0.520722, 0.0404072,
0.520907, 0.5209, 0.520882, 0.520806, 0.0395245,
0.520797, 0.521703, 0.520888, 0.520848, 0.00151944,
0.520931, 0.520939, 0.521053, 0.520806, 0.0385133,
0.520933, 0.521051, 0.520861, 0.520885, 0.03995,
0.520868, 0.520952, 0.520859, 0.52105, 0.0399967,
0.520947, 0.521067, 0.521021, 0.520793, 0.0404422,
0.52092, 0.52086, 0.520765, 0.520817, 0.0395771,
0.521248, 0.520732, 0.52055, 0.520678, 0.00145116,
0.520844, 0.521051, 0.520733, 0.520916, 0.0386385,
0.520941, 0.520907, 0.520751, 0.520681, 0.039923,
0.520944, 0.520659, 0.520676, 0.520971, 0.0050248,
0.520837, 0.520557, 0.520712, 0.520861, 0.0429711,
0.520784, 0.520465, 0.520846, 0.52084, 0.0400036,
0.520876, 0.520462, 0.52093, 0.520866, 0.0400678,
0.520884, 0.520756, 0.520804, 0.520722, 0.0398845,
0.520601, 0.520489, 0.520964, 0.520953, 0.0400234,
0.520727, 0.520583, 0.520935, 0.521031, 0.0400012,
0.520601, 0.52057, 0.520964, 0.520927, 0.0400488,
0.520572, 0.520763, 0.520911, 0.520911, 0.0399689,
0.520779, 0.520669, 0.520995, 0.520887, 0.0399783,
0.521109, 0.520604, 0.520856, 0.520636, 0.0400009,
0.520761, 0.521258, 0.521223, 0.520772, 0.0400237,
0.520886, 0.521015, 0.52099, 0.520694, 0.0399891,
0.520991, 0.520847, 0.521105, 0.520929, 0.00360893,
0.521062, 0.520962, 0.520945, 0.520838, 0.0363851,
0.521028, 0.521012, 0.520935, 0.52067, 0.0409349,
0.520941, 0.520915, 0.520971, 0.520895, 0.0390935,
0.521098, 0.52091, 0.520875, 0.520725, 0.0399568,
0.520803, 0.521352, 0.52093, 0.520717, 0.0400273,
0.520915, 0.521316, 0.520932, 0.520654, 0.0402361,
0.520933, 0.520886, 0.52089, 0.521003, 0.00618991,
0.520983, 0.520923, 0.520741, 0.520743, 0.0375719,
0.520986, 0.520973, 0.520882, 0.520935, 0.0399969,
0.520986, 0.520661, 0.520937, 0.520691, 0.0131235,
0.520816, 0.521138, 0.520877, 0.52083, 0.0388822,
0.520923, 0.520915, 0.52078, 0.520851, 0.040028,
0.52091, 0.520769, 0.520788, 0.520927, 0.0399581,
0.521012, 0.520795, 0.520833, 0.520953, 0.040022,
0.521028, 0.521271, 0.520958, 0.52094, 0.00600247,
0.520596, 0.520575, 0.520864, 0.520976, 0.0380174,
0.520533, 0.520585, 0.520864, 0.520872, 0.039961,
0.520583, 0.520583, 0.520961, 0.520955, 0.0069323,
0.520839, 0.520588, 0.520927, 0.520903, 0.0372346,
0.520973, 0.520483, 0.520966, 0.520801, 0.0398681,
0.520881, 0.520787, 0.520961, 0.520633, 0.0399989,
0.521091, 0.520656, 0.520854, 0.520853, 0.0400154,
0.520724, 0.520983, 0.520838, 0.520919, 0.00102758,
0.520839, 0.520907, 0.520697, 0.521031, 0.0389251,
0.520947, 0.521088, 0.520765, 0.520843, 0.0400193,
0.520834, 0.520829, 0.520775, 0.520851, 0.0399838,
0.521156, 0.520756, 0.520511, 0.520565, 0.0400145,
0.520918, 0.521062, 0.520642, 0.52073, 0.00281869,
0.521041, 0.520905, 0.520851, 0.520416, 0.0373401,
0.520708, 0.520931, 0.520903, 0.520764, 0.0398471,
0.520549, 0.520706, 0.52093, 0.520728, 0.0400833,
0.520648, 0.520826, 0.521021, 0.520639, 0.0399077,
0.520978, 0.520572, 0.52093, 0.520597, 0.000743302,
0.52102, 0.521114, 0.520814, 0.520785, 0.0393076,
0.520873, 0.520716, 0.520893, 0.520987, 0.0399912,
0.520855, 0.520735, 0.520788, 0.520772, 0.0399683,
0.520899, 0.520991, 0.520932, 0.520843, 0.0400664,
0.520923, 0.520886, 0.520911, 0.520942, 0.000700071,
0.520868, 0.521017, 0.520728, 0.520882, 0.0392215,
0.520926, 0.520926, 0.520804, 0.52099, 0.0402699,
0.520611, 0.520915, 0.520775, 0.520942, 0.0193836,
0.520727, 0.521106, 0.520665, 0.520935, 0.0364447,
0.520865, 0.521041, 0.520681, 0.520809, 0.0399263,
0.520949, 0.520646, 0.520843, 0.520626, 0.0402944,
0.52092, 0.520816, 0.520825, 0.520843, 0.0396546,
0.520941, 0.52079, 0.520898, 0.520927, 0.0401788,
0.521083, 0.521015, 0.520943, 0.52073, 0.0398419,
0.520842, 0.520866, 0.520916, 0.520971, 0.00588091,
0.520954, 0.520902, 0.520712, 0.520809, 0.0381423,
0.520769, 0.521504, 0.520937, 0.520921, 0.0399765,
0.521015, 0.521311, 0.520943, 0.52094, 0.040105,
0.520881, 0.521258, 0.52094, 0.520838, 0.0398732,
0.520769, 0.520824, 0.520888, 0.520887, 0.040024,
0.52075, 0.520941, 0.520964, 0.520882, 0.000889332,
0.520808, 0.520845, 0.520935, 0.520715, 0.0391015,
0.520831, 0.521297, 0.520796, 0.520877, 0.040011,
0.520755, 0.520478, 0.520956, 0.521016, 0.0399826,
0.520763, 0.520528, 0.520817, 0.520846, 0.040019,
0.520855, 0.520554, 0.520893, 0.520851, 8.3156e-05,
0.520753, 0.520831, 0.520945, 0.520932, 0.0196105,
0.520889, 0.520596, 0.520885, 0.520916, 0.0240442,
0.520651, 0.520672, 0.520943, 0.521024, 0.0362394,
0.52081, 0.520695, 0.520848, 0.521008, 0.0400398,
0.520823, 0.520884, 0.520806, 0.520804, 0.0399712,
0.520996, 0.520682, 0.520762, 0.520725, 0.000109238,
0.521096, 0.520596, 0.520964, 0.520898, 0.0184519,
0.520952, 0.521062, 0.520948, 0.520859, 0.0237366,
0.521067, 0.520538, 0.520956, 0.520699, 0.0377385,
0.520962, 0.520578, 0.520911, 0.520916, 0.0400397,
0.521064, 0.520659, 0.520786, 0.520827, 0.00112038,
0.520923, 0.520706, 0.520626, 0.521003, 0.0389129,
0.52119, 0.520913, 0.520731, 0.520733, 0.0436661,
0.521056, 0.520892, 0.520642, 0.520746, 0.0362116,
0.520918, 0.521025, 0.520453, 0.520906, 0.0400061,
0.520944, 0.520915, 0.520639, 0.520777, 0.040024,
0.520706, 0.520894, 0.520772, 0.520908, 0.0406971,
0.520622, 0.520962, 0.520909, 0.520762, 0.0393883,
0.52069, 0.520753, 0.520958, 0.520809, 0.0400222,
0.520706, 0.521413, 0.520919, 0.520806, 0.0398906,
0.520944, 0.52096, 0.520759, 0.520652, 0.00102669,
0.520823, 0.520706, 0.521045, 0.520945, 0.0389517,
0.521083, 0.520748, 0.520998, 0.521094, 0.0399839,
0.520745, 0.520536, 0.521021, 0.520929, 0.040072,
0.520596, 0.520449, 0.520914, 0.520984, 0.03994,
0.520467, 0.520591, 0.520945, 0.520785, 0.0400204,
0.520567, 0.52057, 0.520854, 0.52084, 0.00571144,
0.520745, 0.520667, 0.520982, 0.520683, 0.0382731,
0.52091, 0.521083, 0.521393, 0.520806, 0.0399679,
0.520852, 0.520902, 0.521212, 0.520542, 0.0400742,
0.520967, 0.520578, 0.521128, 0.52084, 0.0399733,
0.52058, 0.520491, 0.520927, 0.520929, 0.0401341,
0.5207, 0.52064, 0.520914, 0.520777, 0.0398765,
0.520551, 0.520515, 0.520741, 0.52083, 0.0400676,
0.520795, 0.520567, 0.520623, 0.520759, 0.0116412,
0.5207, 0.521122, 0.52094, 0.520738, 0.0362537,
0.520873, 0.520792, 0.520927, 0.520681, 0.0400378,
0.520855, 0.520656, 0.520681, 0.520853, 0.0401129,
0.520897, 0.520669, 0.52078, 0.520887, 0.0399131,
0.521085, 0.520413, 0.520861, 0.52089, 0.00170851,
0.520706, 0.520345, 0.520977, 0.520919, 0.0382916,
0.520706, 0.520515, 0.521079, 0.52099, 0.0399589,
0.520936, 0.520525, 0.52078, 0.520772, 0.00274011,
0.520805, 0.520313, 0.521055, 0.520969, 0.0372363,
0.520831, 0.520538, 0.520948, 0.520955, 0.0400098,
0.52074, 0.520481, 0.520984, 0.52094, 0.0400293,
0.520682, 0.520604, 0.52089, 0.520843, 0.03999,
0.520907, 0.520727, 0.520953, 0.520898, 0.0400125,
0.520939, 0.520782, 0.520817, 0.520673, 0.0402655,
0.520957, 0.520763, 0.520979, 0.520764, 0.0397294,
0.520918, 0.520894, 0.520856, 0.520529, 0.0400815,
0.511522, 0.520876, 0.521074, 0.520819, 0.0398775,
0.521605, 0.520839, 0.52095, 0.520866, 0.0400305,
0.521689, 0.520915, 0.521045, 0.520825, 0.0400154,
0.521445, 0.520805, 0.520974, 0.52095, 0.00371002,
0.521212, 0.520897, 0.520694, 0.520615, 0.0362273,
0.520885, 0.520994, 0.520903, 0.520864, 0.0400789,
0.521019, 0.520863, 0.520914, 0.520487, 0.0399473,
0.521011, 0.520763, 0.520964, 0.520665, 0.00211791,
0.520838, 0.520606, 0.520859, 0.520746, 0.0378809,
0.520812, 0.520462, 0.520613, 0.52062, 0.0399785,
0.521131, 0.520481, 0.521034, 0.520427, 0.0400431,
0.520752, 0.520829, 0.520825, 0.52067, 0.0399813,
0.520901, 0.520627, 0.52078, 0.520843, 0.0399818,
0.520914, 0.520962, 0.520953, 0.52077, 0.0402697,
0.52066, 0.520787, 0.521034, 0.520864, 0.040001,
0.520647, 0.52085, 0.520979, 0.521102, 0.0397372,
0.520851, 0.520944, 0.520943, 0.520838, 0.0400574,
0.520971, 0.520905, 0.520964, 0.520686, 0.040046,
0.520851, 0.520926, 0.521039, 0.52066, 0.0408333,
0.52127, 0.520894, 0.521128, 0.520492, 0.0390979,
0.521149, 0.520866, 0.520979, 0.520932, 0.0399903,
0.520817, 0.520955, 0.52105, 0.520955, 0.0401333,
0.521013, 0.520934, 0.521317, 0.520733, 0.040354,
0.520673, 0.520999, 0.520817, 0.520722, 0.0395458,
0.52093, 0.521114, 0.520872, 0.520772, 0.0399991,
0.520875, 0.520915, 0.521005, 0.520764, 0.0399658,
0.520932, 0.520714, 0.520796, 0.520749, 0.0401049,
0.520927, 0.520622, 0.520783, 0.520631, 0.0398827,
0.520982, 0.520355, 0.521076, 0.52067, 0.0399917,
0.520856, 0.520999, 0.520971, 0.520887, 0.0400058,
0.520848, 0.52046, 0.521079, 0.521099, 0.0400177,
0.520762, 0.520604, 0.521063, 0.520903, 0.0400028,
0.520704, 0.520735, 0.52095, 0.520935, 0.0399631,
0.520597, 0.520565, 0.52088, 0.520942, 0.0409046,
0.520647, 0.520902, 0.520814, 0.520992, 0.03913,
0.52061, 0.520918, 0.52078, 0.520856, 0.0399994,
0.520786, 0.520887, 0.520919, 0.52094, 0.040041,
0.520796, 0.520798, 0.521042, 0.520741, 0.0399325,
0.521095, 0.52097, 0.520895, 0.520801, 0.0400175,
0.521184, 0.520876, 0.520854, 0.520982, 0.0399886,
0.520961, 0.521012, 0.520958, 0.520683, 0.0400898,
0.520966, 0.520779, 0.520801, 0.520843, 0.0400137,
0.52094, 0.520834, 0.520877, 0.520887, 0.0401652,
0.520958, 0.520931, 0.520893, 0.520722, 0.0402987,
0.520937, 0.520735, 0.520937, 0.520767, 0.00307822,
0.520718, 0.520926, 0.520812, 0.520906, 0.0363962,
0.520639, 0.520714, 0.520783, 0.520927, 0.0399714,
0.521016, 0.520554, 0.52089, 0.520856, 0.0400419,
0.520911, 0.520983, 0.520754, 0.520901, 0.0399176,
0.520922, 0.520585, 0.520877, 0.520979, 0.04013,
0.520788, 0.520572, 0.52082, 0.52088, 0.0399266,
0.520649, 0.520949, 0.520882, 0.521047, 0.0400897,
0.520597, 0.520533, 0.520943, 0.520966, 0.0399143,
0.520723, 0.52085, 0.52089, 0.520935, 0.0399523,
0.520846, 0.520942, 0.520791, 0.520919, 0.0402526,
0.521034, 0.520947, 0.520885, 0.520866, 0.0398007,
0.520767, 0.520955, 0.520971, 0.520681, 0.0400134,
0.52094, 0.520952, 0.520817, 0.520958, 0.039999,
0.521058, 0.520845, 0.520885, 0.520809, 0.0399222,
0.521008, 0.52097, 0.520979, 0.520694, 0.0400671,
0.520885, 0.520894, 0.520893, 0.520749, 0.0399637,
0.520971, 0.520845, 0.520793, 0.52061, 0.0401382,
0.520801, 0.521044, 0.521011, 0.520647, 0.0398931,
0.520906, 0.520766, 0.520932, 0.520751, 0.00450262,
0.520778, 0.52085, 0.520791, 0.520835, 0.0396067,
0.520804, 0.520818, 0.520799, 0.520762, 0.0399167,
0.521063, 0.520585, 0.520848, 0.520602, 0.0400269,
0.520649, 0.521127, 0.520725, 0.52078, 0.0399291,
0.520744, 0.520923, 0.520647, 0.520644, 9.1565e-05,
0.520992, 0.520672, 0.520817, 0.520848, 0.0399051,
0.520788, 0.520578, 0.520867, 0.520861, 0.00781146,
0.520796, 0.520517, 0.520801, 0.520725, 0.0362171,
0.52082, 0.521017, 0.520969, 0.520893, 0.0399387,
0.520778, 0.520585, 0.520935, 0.520969, 8.3136e-05,
0.520812, 0.520724, 0.520901, 0.521018, 0.0399269,
0.520906, 0.520803, 0.520786, 0.520895, 9.4052e-05,
0.520964, 0.520923, 0.520861, 0.520877, 0.0316988,
0.520896, 0.520915, 0.520885, 0.52099, 0.0120634,
0.520856, 0.521012, 0.520775, 0.52089, 0.0362249,
0.52078, 0.521324, 0.520948, 0.520736, 0.0400122,
0.521034, 0.520837, 0.521173, 0.520605, 0.0399911,
0.520911, 0.521101, 0.52082, 0.520806, 0.0193274,
0.520898, 0.520981, 0.520854, 0.520819, 0.0265767,
0.520903, 0.520928, 0.520856, 0.520966, 0.040053,
0.521223, 0.520952, 0.520825, 0.520864, 0.0380291,
0.521029, 0.520907, 0.520678, 0.520817, 0.0400002,
0.520948, 0.520829, 0.521032, 0.520992, 0.0399138,
0.520919, 0.52096, 0.52093, 0.520702, 0.0150722,
0.521026, 0.520887, 0.520982, 0.520979, 0.0241168,
0.520862, 0.520944, 0.520943, 0.521073, 0.0368595,
0.520927, 0.520847, 0.521102, 0.520906, 0.0400015,
0.520927, 0.520771, 0.520922, 0.520694, 0.0400876,
0.520793, 0.52108, 0.52089, 0.520924, 0.0154565,
0.520869, 0.521028, 0.520751, 0.52067, 0.0364505,
0.520793, 0.520871, 0.52099, 0.520893, 0.0399591,
0.520812, 0.520957, 0.521039, 0.52078, 0.0400228,
0.520778, 0.520575, 0.520854, 0.520859, 0.0400261,
0.52067, 0.520829, 0.520812, 0.520866, 0.0399907,
0.520898, 0.520955, 0.520746, 0.520924, 0.0399639,
0.520909, 0.520926, 0.520618, 0.520856, 0.0400964,
0.520914, 0.521667, 0.520801, 0.520971, 0.0399387,
0.521108, 0.52129, 0.521039, 0.520814, 0.0402678,
0.520854, 0.521392, 0.521005, 0.520827, 0.0397116,
0.520859, 0.520842, 0.520733, 0.520992, 0.0400136,
0.520998, 0.521046, 0.520914, 0.520673, 0.00881986,
0.520948, 0.521083, 0.520916, 0.520937, 0.039148,
0.520854, 0.520999, 0.520778, 0.520681, 0.000101028,
0.520956, 0.520965, 0.520717, 0.520602, 0.0399618,
0.520937, 0.52085, 0.520903, 0.520785, 0.0052172,
0.521136, 0.520913, 0.520924, 0.520825, 0.0387203,
0.521013, 0.520541, 0.520856, 0.520982, 0.0400543,
0.520951, 0.520567, 0.520864, 0.520694, 0.0399863,
0.521021, 0.52036, 0.520958, 0.520709, 0.0399628,
0.520707, 0.520591, 0.520919, 0.521058, 0.0399914,
0.520909, 0.520455, 0.52082, 0.520851, 0.0399984,
0.52089, 0.520682, 0.520919, 0.520953, 0.0400234,
0.520987, 0.521057, 0.521053, 0.521026, 0.0400235,
0.520712, 0.520565, 0.520927, 0.520979, 0.040163,
0.520757, 0.520575, 0.520932, 0.520919, 0.00200921,
0.520825, 0.520729, 0.520903, 0.520817, 0.0377938,
0.521021, 0.520617, 0.520998, 0.520877, 0.0439932,
0.520951, 0.520748, 0.520786, 0.520822, 0.0440309,
0.520937, 0.521258, 0.520817, 0.520825, 0.0400166,
0.520958, 0.520541, 0.520932, 0.520864, 0.0399778,
0.52094, 0.520745, 0.520937, 0.52084, 0.0400508,
0.520885, 0.520633, 0.520861, 0.520953, 0.0399491,
0.520935, 0.520798, 0.520916, 0.520882, 0.0115792,
0.520859, 0.520808, 0.520924, 0.520856, 0.0364717,
0.52093, 0.520769, 0.520691, 0.520937, 0.0399667,
0.521147, 0.520902, 0.520966, 0.520751, 0.0400368,
0.520862, 0.5208, 0.520943, 0.520948, 0.0399815,
0.520859, 0.520716, 0.520911, 0.52073, 0.0223364,
0.52077, 0.520656, 0.520869, 0.520825, 0.013904,
0.521055, 0.52053, 0.521045, 0.520662, 0.0398091,
0.520718, 0.520957, 0.520984, 0.52073, 0.0399201,
0.520736, 0.520889, 0.52072, 0.520623, 0.00769958,
0.520814, 0.520811, 0.52071, 0.520584, 0.0362959,
0.520665, 0.520544, 0.520901, 0.520652, 0.0401339,
0.520733, 0.520858, 0.520984, 0.520806, 0.0398766,
0.520817, 0.520557, 0.520893, 0.520793, 0.0202189,
0.520699, 0.520523, 0.520943, 0.520961, 0.0239966,
0.520888, 0.520452, 0.52078, 0.520927, 0.0397807,
0.520772, 0.520677, 0.520662, 0.520775, 0.0400511,
0.520741, 0.520779, 0.520712, 0.520775, 0.0400847,
0.520814, 0.521054, 0.520634, 0.520678, 0.0398818,
0.52089, 0.520337, 0.520945, 0.520861, 0.00060151,
0.52089, 0.520337, 0.520937, 0.520861, 0.0394762,
0.520783, 0.520413, 0.521087, 0.520872, 0.0398619,
0.52066, 0.520402, 0.520898, 0.520929, 9.5625e-05,
0.520838, 0.520489, 0.520998, 0.520809, 0.04018,
0.521113, 0.520667, 0.520935, 0.520825, 0.00326742,
0.521026, 0.520934, 0.520856, 0.520639, 0.0365401,
0.520948, 0.520947, 0.521021, 0.52078, 0.0399961,
0.521045, 0.520902, 0.521016, 0.520618, 0.0400022,
0.52094, 0.520934, 0.520937, 0.520809, 0.0399785,
0.52105, 0.520824, 0.520971, 0.520961, 0.000520569,
0.521037, 0.520711, 0.521076, 0.520898, 0.0394882,
0.521005, 0.520554, 0.521026, 0.520649, 0.0399842,
0.520725, 0.521282, 0.520746, 0.520717, 0.0399898,
0.520479, 0.52086, 0.520759, 0.520919, 0.0400434,
0.520317, 0.521049, 0.520867, 0.520633, 0.0399235,
0.520351, 0.521347, 0.521063, 0.521081, 0.0400538,
0.520466, 0.520887, 0.521212, 0.52088, 0.0206153,
0.520259, 0.521292, 0.52111, 0.520853, 0.0393472,
0.52055, 0.520934, 0.520895, 0.520963, 0.0400246,
0.5205, 0.521057, 0.520906, 0.520935, 0.0400062,
0.520642, 0.520732, 0.520668, 0.520741, 0.00148321,
0.520579, 0.521402, 0.520772, 0.520885, 0.0384827,
0.520783, 0.520672, 0.520856, 0.520817, 0.0400252,
0.520759, 0.520769, 0.520804, 0.520942, 0.00488952,
0.520702, 0.520923, 0.520854, 0.520822, 0.0392735,
0.520665, 0.520858, 0.520877, 0.520914, 0.0398423,
0.520927, 0.520944, 0.520877, 0.520788, 0.0401036,
0.520953, 0.521057, 0.520608, 0.520798, 0.0399747,
0.520775, 0.521219, 0.520956, 0.520864, 0.0399039,
0.520772, 0.52108, 0.520877, 0.52084, 0.00803708,
0.52077, 0.520758, 0.520906, 0.521018, 0.0399657,
0.520757, 0.520719, 0.520935, 0.520895, 0.0399873,
0.520922, 0.520646, 0.520875, 0.520908, 0.0399962,
0.520783, 0.520604, 0.520945, 0.520976, 0.0401816,
0.520948, 0.520706, 0.520749, 0.520702, 0.0398314,
0.520799, 0.520748, 0.521081, 0.52094, 0.0401182,
0.520807, 0.521104, 0.520992, 0.520942, 0.0399134,
0.520642, 0.521326, 0.52089, 0.520932, 0.0399794,
0.520841, 0.520863, 0.520833, 0.520961, 0.0105497,
0.520956, 0.520962, 0.52071, 0.520877, 0.037417,
0.521055, 0.520926, 0.520589, 0.52094, 0.0400822,
0.520956, 0.520847, 0.520511, 0.520825, 0.0399255,
0.520809, 0.520962, 0.520597, 0.520877, 0.00483236,
0.521026, 0.520719, 0.520762, 0.520733, 0.0391684,
0.52082, 0.520774, 0.520814, 0.520864, 0.040021,
0.520927, 0.520549, 0.520867, 0.521005, 0.0402363,
0.520851, 0.520633, 0.520916, 0.520861, 0.0398321,
0.520877, 0.520557, 0.520979, 0.520827, 0.00169713,
0.520827, 0.520565, 0.520914, 0.520777, 0.0382318,
0.520854, 0.520559, 0.520914, 0.520668, 0.0399881,
0.520822, 0.520905, 0.521019, 0.520657, 0.0401233,
0.520903, 0.520837, 0.520937, 0.520387, 0.00108661,
0.520835, 0.520784, 0.520932, 0.520573, 0.0387728,
0.520759, 0.52068, 0.520935, 0.520492, 0.0400356,
0.521076, 0.52025, 0.520927, 0.520343, 0.0399776,
0.520796, 0.520748, 0.520859, 0.520558, 0.0400583,
0.520846, 0.520538, 0.520827, 0.520901, 0.0399463,
0.520767, 0.520572, 0.520919, 0.520927, 0.0400401,
0.520848, 0.520638, 0.520948, 0.520715, 0.00162693,
0.520961, 0.520669, 0.520974, 0.520987, 0.0383289,
0.520762, 0.520536, 0.520775, 0.520874, 0.0400134,
0.520694, 0.520766, 0.520791, 0.520937, 0.0400023,
0.52077, 0.520727, 0.520809, 0.520935, 0.0182597,
0.520744, 0.520803, 0.520691, 0.520856, 0.0138208,
0.520974, 0.520677, 0.520655, 0.520628, 0.0359514,
0.521037, 0.521473, 0.520856, 0.520733, 0.0400283,
0.520901, 0.520816, 0.520943, 0.520942, 0.0399457,
0.520728, 0.520902, 0.520895, 0.520757, 0.0400077,
0.520796, 0.520798, 0.520817, 0.520945, 0.0401242,
0.520932, 0.521015, 0.520809, 0.520861, 0.0398643,
0.521089, 0.520952, 0.52056, 0.520537, 0.0400541,
0.520838, 0.521478, 0.52099, 0.520754, 0.039944,
0.520953, 0.521038, 0.521032, 0.520762, 0.0400081,
0.520911, 0.52086, 0.520958, 0.520785, 0.0399977,
0.520762, 0.520915, 0.520948, 0.520764, 0.0400159,
0.520985, 0.520716, 0.520916, 0.520641, 0.0401712,
0.520725, 0.521156, 0.520969, 0.520851, 0.00413557,
0.520793, 0.520921, 0.520783, 0.520489, 0.0396984,
0.520649, 0.520813, 0.5211, 0.520785, 0.0403139,
0.520838, 0.520858, 0.521042, 0.520861, 0.0396634,
0.520652, 0.520439, 0.520833, 0.52095, 0.0401659,
0.520759, 0.520591, 0.520864, 0.520804, 0.0398357,
0.520885, 0.520591, 0.520875, 0.520921, 0.0400451,
0.520964, 0.520748, 0.52072, 0.520558, 0.04003,
0.520943, 0.520685, 0.52078, 0.520788, 8.6619e-05,
0.520799, 0.521227, 0.521115, 0.520814, 0.039861,
0.520914, 0.521269, 0.521, 0.520636, 0.00840011,
0.52093, 0.520965, 0.520948, 0.520853, 0.0395746,
0.520935, 0.520926, 0.520995, 0.520717, 0.040148,
0.520772, 0.52074, 0.52088, 0.520791, 0.039887,
0.521008, 0.52079, 0.520848, 0.520686, 0.00427558,
0.521037, 0.520855, 0.520686, 0.520898, 0.0398683,
0.521005, 0.520868, 0.520731, 0.52078, 0.0398197,
0.520937, 0.521044, 0.521042, 0.520859, 0.0400286,
0.520775, 0.520939, 0.520953, 0.520607, 0.00433926,
0.520731, 0.520876, 0.520859, 0.520681, 0.0397422,
0.520663, 0.520669, 0.520916, 0.520542, 0.0400626,
0.520951, 0.52053, 0.520838, 0.520555, 0.0398966,
0.520961, 0.520565, 0.520961, 0.520717, 0.0399773,
0.5206, 0.520871, 0.520778, 0.520743, 0.00462685,
0.52104, 0.520507, 0.520731, 0.520838, 0.0393501,
0.52089, 0.520596, 0.520922, 0.520856, 0.0400221,
0.520956, 0.521104, 0.520898, 0.520995, 0.039958,
0.520932, 0.520478, 0.520788, 0.521052, 0.0400184,
0.520945, 0.520667, 0.520817, 0.520872, 0.0400091,
0.52094, 0.520609, 0.520767, 0.520908, 0.00943488,
0.520814, 0.520821, 0.520573, 0.520851, 0.0385398,
0.520846, 0.520926, 0.520841, 0.520937, 0.0399915,
0.520888, 0.521151, 0.520888, 0.520851, 0.0400346,
0.520992, 0.520774, 0.520977, 0.521, 0.00673168,
0.52088, 0.521062, 0.520901, 0.520921, 0.0372342,
0.520882, 0.520871, 0.520924, 0.520921, 0.0401332,
0.521053, 0.520949, 0.520909, 0.520662, 0.0399227,
0.520882, 0.520907, 0.520867, 0.520877, 0.0402037,
0.520979, 0.520719, 0.520746, 0.520686, 0.00627757,
0.520971, 0.520847, 0.521019, 0.520856, 0.0374508,
0.520982, 0.520824, 0.521011, 0.520576, 0.04016,
0.520788, 0.520533, 0.521066, 0.520806, 0.0398382,
0.520914, 0.520339, 0.521066, 0.520948, 0.040013,
0.521092, 0.520248, 0.520958, 0.520874, 0.0399917,
0.520738, 0.520656, 0.520914, 0.520945, 0.0400269,
0.520864, 0.520363, 0.521068, 0.521364, 0.039996,
0.520909, 0.520457, 0.520916, 0.521275, 0.0399835,
0.520987, 0.520436, 0.520992, 0.520997, 0.000144515,
0.520922, 0.52036, 0.520843, 0.520914, 0.0398699,
0.520971, 0.520567, 0.52089, 0.520914, 0.0399812,
0.520901, 0.520661, 0.520754, 0.52095, 0.0400003,
0.520979, 0.52096, 0.520555, 0.52088, 0.0400149,
0.520995, 0.521138, 0.520608, 0.520903, 0.0401953,
0.520961, 0.521033, 0.520594, 0.520631, 0.0398032,
0.520838, 0.52125, 0.520799, 0.520853, 0.0400949,
0.520951, 0.520939, 0.520995, 0.521052, 0.0398899,
0.521215, 0.521049, 0.520948, 0.520738, 0.0400207,
0.520791, 0.521012, 0.520765, 0.520725, 0.0400444,
0.520948, 0.521101, 0.520911, 0.520932, 0.0399342,
0.520754, 0.520928, 0.520877, 0.520552, 0.0399912,
0.520799, 0.520496, 0.520812, 0.520759, 0.0400466,
0.520943, 0.520292, 0.520861, 0.521, 0.0399833,
0.521165, 0.520214, 0.520922, 0.520712, 0.0440799,
0.520791, 0.520677, 0.520707, 0.520743, 0.0399698,
0.520924, 0.520295, 0.521068, 0.521047, 0.0399487,
0.521045, 0.520371, 0.521013, 0.520908, 0.0399806,
0.520998, 0.520379, 0.521029, 0.520971, 9.8445e-05,
0.520812, 0.520714, 0.520953, 0.520927, 0.0398999,
0.52089, 0.520462, 0.520841, 0.521016, 0.00884774,
0.520804, 0.520777, 0.520827, 0.52088, 0.0392169,
0.520846, 0.520784, 0.520715, 0.520942, 0.0401241,
0.520888, 0.520957, 0.520678, 0.520827, 0.0399052,
0.520909, 0.520695, 0.520707, 0.520825, 0.00201642,
0.520859, 0.521413, 0.520642, 0.520869, 0.0378934,
0.520906, 0.520784, 0.520841, 0.520932, 0.0401,
0.520922, 0.521112, 0.52082, 0.520916, 0.0399782,
0.521095, 0.520803, 0.520935, 0.520843, 0.00213069,
0.520906, 0.520601, 0.520723, 0.520901, 0.037829,
0.520924, 0.52064, 0.520681, 0.520937, 0.0399442,
0.520945, 0.520604, 0.520333, 0.520662, 0.0400775,
0.52093, 0.520811, 0.520508, 0.520715, 0.0401578,
0.52094, 0.520651, 0.520691, 0.520814, 0.0397874,
0.520932, 0.520478, 0.520848, 0.520717, 0.0400232,
0.520971, 0.520499, 0.520888, 0.520843, 0.00293179,
0.52104, 0.520606, 0.520945, 0.520832, 0.0370402,
0.52094, 0.520588, 0.52105, 0.520699, 0.0400697,
0.520733, 0.52064, 0.520631, 0.520623, 0.0400039,
0.520848, 0.520421, 0.520757, 0.520942, 0.0399539,
0.520888, 0.520633, 0.520935, 0.520974, 0.039968,
0.520738, 0.520329, 0.520927, 0.520976, 0.040136,
0.520469, 0.520452, 0.520956, 0.520919, 0.0399,
0.520694, 0.520447, 0.520927, 0.520942, 0.0399937,
0.520961, 0.520627, 0.520804, 0.52077, 0.0400123,
0.52083, 0.520575, 0.52106, 0.520736, 0.0400218,
0.520951, 0.520654, 0.521003, 0.52067, 0.0399684,
0.520958, 0.520942, 0.52106, 0.520835, 0.0400241,
0.520998, 0.521004, 0.520964, 0.520937, 0.0401282,
0.52121, 0.521015, 0.521013, 0.520877, 0.0400224,
0.520964, 0.520873, 0.520916, 0.520602, 0.0398271,
0.520985, 0.521235, 0.521094, 0.520801, 0.0400041,
0.520979, 0.520818, 0.521152, 0.520872, 0.0399668,
0.520851, 0.520625, 0.521063, 0.520804, 0.0401217,
0.520856, 0.520606, 0.520838, 0.520814, 0.0398864,
0.520867, 0.520928, 0.520767, 0.520712, 0.0012313,
0.52094, 0.521059, 0.521126, 0.520853, 0.0428426,
0.520909, 0.521099, 0.520704, 0.520699, 0.0399141,
0.520584, 0.520808, 0.520733, 0.520819, 0.0440282,
0.520686, 0.520845, 0.520699, 0.520924, 0.0399966,
0.520752, 0.520763, 0.520733, 0.520927, 0.0439818,
0.520867, 0.521065, 0.520668, 0.52089, 0.0399718,
0.520943, 0.521072, 0.520725, 0.520882, 0.040034,
0.520985, 0.520777, 0.520712, 0.520817, 0.040033,
0.520979, 0.520562, 0.520927, 0.52089, 0.00707137,
0.520838, 0.520706, 0.521207, 0.520932, 0.0369375,
0.520924, 0.52069, 0.520995, 0.520976, 0.0400146,
0.520969, 0.520798, 0.521013, 0.520856, 0.0399742,
0.520916, 0.520805, 0.52094, 0.520921, 0.011306,
0.521121, 0.52096, 0.520964, 0.520911, 0.0366598,
0.52094, 0.520955, 0.520906, 0.520785, 0.0402424,
0.521016, 0.520936, 0.520518, 0.520657, 0.0118917,
0.520809, 0.521031, 0.520749, 0.520911, 0.040143,
0.520995, 0.520727, 0.520861, 0.52073, 0.0397409,
0.520911, 0.520688, 0.520937, 0.520937, 0.0221812,
0.520885, 0.520562, 0.520854, 0.520835, 0.0378556,
0.521042, 0.52068, 0.521005, 0.52084, 0.0399657,
0.520799, 0.520962, 0.520927, 0.521039, 0.0399822,
0.520885, 0.520732, 0.520783, 0.520976, 0.0399935,
0.520809, 0.520766, 0.520796, 0.520966, 0.040031,
0.52099, 0.521031, 0.52093, 0.520987, 0.039996,
0.520762, 0.520588, 0.520924, 0.520903, 0.0400071,
0.520814, 0.520593, 0.52089, 0.521123, 0.0399888,
0.521019, 0.520879, 0.520689, 0.520887, 0.0399572,
0.520985, 0.520703, 0.520652, 0.520508, 0.0400693,
0.520856, 0.521266, 0.520652, 0.520657, 0.0400016,
0.520927, 0.520766, 0.520793, 0.520832, 0.0399478,
0.520867, 0.520996, 0.520712, 0.520809, 0.0400713,
0.520971, 0.520939, 0.520827, 0.520717, 0.00449081,
0.520791, 0.520897, 0.520757, 0.52084, 0.039421,
0.520875, 0.520719, 0.520927, 0.520937, 0.0400546,
0.520916, 0.520709, 0.520597, 0.52083, 0.0400193,
0.520953, 0.520936, 0.521008, 0.520736, 0.0401167,
0.520943, 0.520873, 0.520995, 0.520636, 0.0399007,
0.520906, 0.520533, 0.521262, 0.520688, 0.0144721,
0.520827, 0.520591, 0.521123, 0.520576, 0.0374988,
0.520985, 0.52047, 0.520927, 0.520495, 0.0402321,
0.520702, 0.520881, 0.521005, 0.520534, 0.0397585,
0.520888, 0.520648, 0.520854, 0.520408, 0.0401273,
0.520822, 0.520476, 0.520676, 0.520654, 0.0408471,
0.521053, 0.520648, 0.520649, 0.520783, 0.039961,
0.520683, 0.520465, 0.520875, 0.520827, 0.0390488,
0.520851, 0.520719, 0.52089, 0.520919, 0.0400656,
0.520882, 0.520832, 0.520786, 0.520827, 0.0439491,
0.52099, 0.520661, 0.520566, 0.520717, 0.0399838,
0.521087, 0.520402, 0.520932, 0.520832, 0.0399815,
0.520927, 0.520355, 0.520859, 0.52094, 0.0400446,
0.520916, 0.520269, 0.520937, 0.520948, 0.045937,
0.521011, 0.520507, 0.520911, 0.520848, 0.0233763,
0.52082, 0.520609, 0.520825, 0.520764, 0.0386495,
0.520964, 0.520703, 0.520707, 0.520686, 0.0400658,
0.520898, 0.52114, 0.520799, 0.520851, 0.019044,
0.520977, 0.520949, 0.520825, 0.520843, 0.0369292,
0.520906, 0.520858, 0.520911, 0.520885, 0.040126,
0.520848, 0.520761, 0.521019, 0.520898, 0.039849,
0.5211, 0.520617, 0.520796, 0.520662, 0.0399907,
0.520689, 0.521054, 0.52078, 0.520843, 0.0239016,
0.520827, 0.520727, 0.520914, 0.52089, 0.053374,
0.520783, 0.520811, 0.520909, 0.520995, 0.0387452,
0.520859, 0.521373, 0.52093, 0.520974, 0.0400397,
0.520678, 0.520907, 0.520869, 0.520919, 0.0400151,
0.52082, 0.520952, 0.52094, 0.520788, 0.0310801,
0.520888, 0.520915, 0.520838, 0.521039, 0.0368502,
0.521011, 0.52097, 0.520856, 0.520652, 0.0400169,
0.520859, 0.520996, 0.520901, 0.520746, 0.0127488,
0.520987, 0.521274, 0.52093, 0.520694, 0.0232418,
0.520927, 0.520834, 0.52095, 0.520631, 0.036066,
0.521123, 0.520677, 0.520799, 0.520749, 0.0399067,
0.520937, 0.520795, 0.52072, 0.520846, 0.0400675,
0.520872, 0.520879, 0.52077, 0.520736, 0.0400131,
0.520916, 0.520944, 0.52067, 0.520704, 0.0426437,
0.520932, 0.521099, 0.520835, 0.520916, 0.0181286,
0.520901, 0.521033, 0.520806, 0.520914, 0.0245335,
0.520799, 0.520771, 0.520869, 0.520982, 0.0386191,
0.520605, 0.520761, 0.520914, 0.520673, 0.0400151,
0.520903, 0.520674, 0.520961, 0.520717, 0.0400565,
0.521092, 0.520758, 0.520935, 0.520563, 0.0400131,
0.521053, 0.520968, 0.520786, 0.520442, 0.0398933,
0.520916, 0.520784, 0.520937, 0.520647, 0.0401564,
0.520856, 0.5209, 0.520948, 0.520678, 0.0398611,
0.520772, 0.520674, 0.520788, 0.520654, 0.0402255,
0.520843, 0.52068, 0.520859, 0.520736, 0.0397909,
0.520951, 0.520575, 0.520911, 0.520762, 0.0400067,
0.520977, 0.520695, 0.520893, 0.520479, 0.0399694,
0.520937, 0.520578, 0.520932, 0.520584, 0.0400508,
0.520783, 0.521222, 0.52099, 0.520539, 0.00140816,
0.52094, 0.520609, 0.520961, 0.520772, 0.0385383,
0.520864, 0.520536, 0.521045, 0.520798, 0.0400077,
0.521126, 0.520373, 0.520809, 0.520916, 0.0400486,
0.520901, 0.520654, 0.520979, 0.520817, 0.0399686,
0.520872, 0.520593, 0.520932, 0.52083, 0.00145124,
0.521139, 0.520593, 0.520793, 0.520552, 0.0385377,
0.520859, 0.520902, 0.521115, 0.520757, 0.0400668,
0.520956, 0.520643, 0.521131, 0.52056, 0.0399613,
0.520841, 0.520483, 0.5211, 0.520662, 0.0402007,
0.520793, 0.520386, 0.520948, 0.520757, 0.0397644,
0.520888, 0.520664, 0.521005, 0.521076, 0.0400009,
0.520919, 0.521046, 0.520833, 0.520935, 0.0399937,
0.520969, 0.520842, 0.520715, 0.52077, 0.000103181,
0.520927, 0.520648, 0.520914, 0.52105, 0.0183361,
0.520676, 0.520795, 0.520801, 0.52099, 0.0243545,
0.520788, 0.520803, 0.520856, 0.521016, 0.0372288,
0.520487, 0.520585, 0.520783, 0.520924, 0.0400045,
0.520356, 0.520722, 0.520814, 0.520971, 0.0400135,
0.520288, 0.52074, 0.520733, 0.520953, 0.00193596,
0.520382, 0.520868, 0.520647, 0.520961, 0.0380544,
0.520618, 0.520897, 0.520678, 0.520717, 0.039981,
0.52094, 0.521758, 0.520971, 0.520843, 0.0400665,
0.520948, 0.520798, 0.521262, 0.520979, 0.0399111,
0.521045, 0.520918, 0.52095, 0.520955, 0.0400177,
0.521032, 0.520847, 0.520974, 0.52101, 0.0399928,
0.520924, 0.520955, 0.520786, 0.520785, 0.0400602,
0.520919, 0.520976, 0.520835, 0.520819, 0.00157407,
0.521013, 0.520693, 0.520524, 0.520736, 0.0383956,
0.520901, 0.52113, 0.520827, 0.520919, 0.0400008,
0.521045, 0.5208, 0.520835, 0.520903, 0.0399933,
0.520791, 0.520643, 0.520979, 0.520654, 0.0399591,
0.520676, 0.520515, 0.52093, 0.520796, 0.0400868,
0.520974, 0.520549, 0.520943, 0.520568, 0.00686846,
0.521254, 0.520381, 0.521087, 0.520665, 0.0371434,
0.520898, 0.52073, 0.520576, 0.520738, 0.0399713,
0.520888, 0.520609, 0.520749, 0.52089, 0.0400073,
0.520851, 0.520696, 0.52061, 0.52084, 0.0400191,
0.520916, 0.5208, 0.520628, 0.520969, 0.00074502,
0.520702, 0.520473, 0.520841, 0.521, 0.0391745,
0.520746, 0.520735, 0.520911, 0.520927, 0.0399975,
0.520932, 0.520837, 0.520806, 0.520887, 0.0400845,
0.520822, 0.520834, 0.520838, 0.520903, 0.00488801,
0.520995, 0.520824, 0.520545, 0.520686, 0.0390857,
0.520862, 0.521515, 0.520521, 0.520806, 0.0400087,
0.521005, 0.52069, 0.520503, 0.520814, 0.0399312,
0.520953, 0.520994, 0.520553, 0.520712, 0.0400333,
0.520927, 0.52085, 0.520712, 0.520859, 0.0401217,
0.520864, 0.520905, 0.520662, 0.520866, 0.0399256,
0.521053, 0.52085, 0.520505, 0.520681, 0.0399306,
0.520943, 0.521214, 0.520657, 0.520633, 0.0400122,
0.520979, 0.520803, 0.520995, 0.520565, 0.0401472,
0.520851, 0.520627, 0.520919, 0.520555, 0.03993,
0.520843, 0.520766, 0.520919, 0.520579, 0.039911,
0.52111, 0.520939, 0.521223, 0.520631, 0.0400334,
0.520985, 0.520918, 0.520888, 0.520717, 0.0399912,
0.52088, 0.520939, 0.520922, 0.520945, 0.0400233,
0.520945, 0.520934, 0.521055, 0.520955, 0.040006,
0.520893, 0.52062, 0.520995, 0.52089, 0.0399469,
0.520974, 0.520756, 0.520885, 0.52094, 0.0400417,
0.52089, 0.520688, 0.520943, 0.520948, 0.0399842,
0.520859, 0.520706, 0.520977, 0.520948, 0.00995394,
0.521032, 0.520661, 0.520801, 0.520832, 0.0380372,
0.520723, 0.520915, 0.521128, 0.520819, 0.0400171,
0.52078, 0.521049, 0.52082, 0.520772, 0.0400058,
0.520951, 0.520758, 0.520859, 0.520953, 0.00229061,
0.520961, 0.521004, 0.520945, 0.520898, 0.0376772,
0.520872, 0.520929, 0.521026, 0.521003, 0.0521164,
0.520875, 0.520897, 0.520827, 0.520783, 0.0229639,
0.521019, 0.520923, 0.520799, 0.520741, 0.0369543,
0.520906, 0.521143, 0.520943, 0.520937, 0.0400364,
0.52094, 0.520811, 0.52111, 0.520953, 0.039932,
0.520817, 0.520557, 0.520945, 0.520898, 0.0401622,
0.520783, 0.520457, 0.520867, 0.520921, 0.0399915,
0.520979, 0.52035, 0.520961, 0.520678, 0.0399378,
0.520916, 0.520905, 0.520702, 0.520686, 0.0399107,
0.520982, 0.520664, 0.520859, 0.520898, 0.0400126,
0.52082, 0.520989, 0.520966, 0.520997, 0.0400158,
0.520741, 0.521172, 0.520937, 0.521045, 0.0399768,
0.520621, 0.520549, 0.520977, 0.520969, 0.0400384,
0.520519, 0.520578, 0.520888, 0.521003, 0.0400052,
0.520521, 0.520876, 0.520717, 0.520746, 0.0411898,
0.520901, 0.520646, 0.520898, 0.520673, 0.0389439,
0.520882, 0.520821, 0.520961, 0.52039, 0.0398121,
0.520817, 0.520853, 0.520854, 0.520712, 0.0400384,
0.520911, 0.520837, 0.520683, 0.520971, 0.0399957,
0.521079, 0.520929, 0.520652, 0.520647, 0.0399555,
0.520909, 0.520774, 0.520545, 0.520563, 0.0400338,
0.520869, 0.520991, 0.520678, 0.520694, 0.0399966,
0.521013, 0.520881, 0.521032, 0.520597, 0.0400354,
0.520948, 0.520908, 0.520916, 0.520552, 0.0399271,
0.52094, 0.520575, 0.520927, 0.520529, 0.00166129,
0.520752, 0.520444, 0.520888, 0.520602, 0.0383465,
0.52088, 0.520347, 0.52105, 0.520516, 0.0400289,
0.520948, 0.520868, 0.520806, 0.520613, 0.0401153,
0.521, 0.520641, 0.520846, 0.520856, 0.0399257,
0.521019, 0.520764, 0.52088, 0.520717, 0.0400304,
0.520804, 0.521135, 0.520903, 0.520809, 0.0399496,
0.520809, 0.52073, 0.520799, 0.521071, 0.0400342,
0.520838, 0.520847, 0.521055, 0.520872, 0.0401391,
0.520969, 0.521138, 0.52072, 0.520898, 0.0398011,
0.520916, 0.520997, 0.520893, 0.520953, 0.0400307,
0.520896, 0.520976, 0.520992, 0.520955, 0.0399223,
0.520932, 0.520832, 0.520916, 0.521212, 0.0400473,
0.520922, 0.520792, 0.520888, 0.521071, 0.0399985,
0.520799, 0.520745, 0.520969, 0.521086, 0.00398783,
0.521003, 0.520868, 0.52095, 0.520898, 0.0360509,
0.520906, 0.5208, 0.520927, 0.520898, 0.0400169,
0.520943, 0.520745, 0.520953, 0.520741, 0.00880169,
0.520906, 0.521162, 0.521055, 0.520929, 0.0391323,
0.520932, 0.520929, 0.521026, 0.520832, 0.0400213,
0.520909, 0.520923, 0.521055, 0.520919, 0.00547638,
0.520922, 0.520627, 0.52089, 0.520654, 0.03861,
0.521157, 0.520523, 0.52093, 0.520722, 0.0398996,
0.521288, 0.520727, 0.521058, 0.520678, 0.0399845,
0.520896, 0.521292, 0.520854, 0.52073, 0.0399952,
0.520974, 0.520837, 0.520835, 0.520704, 0.0130128,
0.520877, 0.520745, 0.520825, 0.520738, 0.038989,
0.52099, 0.52085, 0.520838, 0.520633, 0.0400006,
0.52093, 0.521036, 0.520974, 0.520759, 0.00626806,
0.520951, 0.520688, 0.520901, 0.520835, 0.0377519,
0.520791, 0.520719, 0.520966, 0.520911, 0.0400001,
0.520958, 0.520766, 0.52089, 0.520827, 0.0400013,
0.520916, 0.520853, 0.520668, 0.520516, 0.0399976,
0.520707, 0.521473, 0.520919, 0.520359, 0.0400342,
0.52093, 0.521075, 0.520715, 0.520565, 0.0399364,
0.520922, 0.521295, 0.520843, 0.520416, 0.0400546,
0.521066, 0.521033, 0.520668, 0.520393, 0.0399616,
0.520882, 0.520939, 0.52083, 0.520571, 0.0399914,
0.520971, 0.520845, 0.520751, 0.520408, 0.0399977,
0.520919, 0.520952, 0.520702, 0.520403, 9.043e-05,
0.52083, 0.52141, 0.52078, 0.520335, 0.0235395,
0.520793, 0.521271, 0.520806, 0.520395, 0.0135482,
0.520909, 0.520931, 0.520961, 0.520542, 0.038837,
0.520851, 0.52079, 0.520922, 0.520537, 0.0401418,
0.520885, 0.520874, 0.520903, 0.520702, 0.0398719,
0.520775, 0.52107, 0.520948, 0.520822, 0.0401853,
0.520841, 0.520939, 0.520804, 0.520683, 0.0398187,
0.520927, 0.520682, 0.520901, 0.520932, 0.008872,
0.520898, 0.520722, 0.520906, 0.520921, 0.0393014,
0.52099, 0.520816, 0.521225, 0.520903, 0.0398013,
0.520924, 0.521337, 0.520911, 0.521021, 0.000123392,
0.52083, 0.520612, 0.520872, 0.520916, 0.0398825,
0.520731, 0.520677, 0.520987, 0.520955, 0.000102781,
0.520608, 0.520588, 0.520723, 0.520851, 0.0192301,
0.520812, 0.520554, 0.520924, 0.520838, 0.0237697,
0.520914, 0.520698, 0.520864, 0.520914, 0.0368877,
0.520943, 0.520476, 0.520872, 0.520796, 0.0399958,
0.520882, 0.520931, 0.52089, 0.520741, 0.0401115,
0.52117, 0.520371, 0.52095, 0.520932, 0.0399466,
0.520956, 0.520473, 0.521029, 0.520935, 0.0400213,
0.520956, 0.52057, 0.520916, 0.520882, 0.00117971,
0.520916, 0.520936, 0.52093, 0.520764, 0.0387627,
0.520995, 0.5209, 0.52111, 0.520817, 0.0400091,
0.520958, 0.520923, 0.52099, 0.520775, 0.00633752,
0.520998, 0.520777, 0.520992, 0.520929, 0.0470725,
0.520694, 0.521083, 0.520927, 0.520819, 0.0387015,
0.520765, 0.52069, 0.520901, 0.52094, 0.039909,
0.520665, 0.520476, 0.520906, 0.520835, 0.0399329,
0.52088, 0.520292, 0.52094, 0.520641, 0.0400154,
0.52088, 0.520292, 0.52094, 0.520641, 9.2091e-05,
0.520725, 0.520798, 0.520977, 0.520838, 0.0229916,
0.520759, 0.520847, 0.520568, 0.520607, 0.0239972,
0.520922, 0.520748, 0.520508, 0.520565, 0.0369943,
0.520924, 0.520518, 0.520631, 0.520767, 0.0399222,
0.520718, 0.520557, 0.520728, 0.520929, 0.0400188,
0.520775, 0.520303, 0.520827, 0.521013, 0.0217317,
0.520678, 0.520363, 0.520673, 0.520937, 0.0245229,
0.520738, 0.520368, 0.520791, 0.520929, 0.0377524,
0.520778, 0.520497, 0.520728, 0.520775, 0.0399997,
0.52094, 0.52051, 0.520689, 0.520775, 0.0400356,
0.520796, 0.520908, 0.520597, 0.520741, 0.0174288,
0.520945, 0.520596, 0.520723, 0.52072, 0.0385274,
0.520985, 0.520536, 0.520634, 0.520796, 0.0399983,
0.520961, 0.520452, 0.520749, 0.52095, 0.039992,
0.520924, 0.520625, 0.520731, 0.520874, 0.0116417,
0.520924, 0.520719, 0.520636, 0.520801, 0.0366058,
0.521228, 0.520719, 0.520796, 0.520856, 0.039748,
0.520791, 0.521182, 0.52116, 0.520911, 0.0401107,
0.520835, 0.520915, 0.520841, 0.52077, 0.00131084,
0.520906, 0.521004, 0.520916, 0.520945, 0.0386144,
0.520851, 0.520646, 0.520914, 0.520793, 0.0399757,
0.520822, 0.520567, 0.520998, 0.520872, 0.0400329,
0.521131, 0.520345, 0.521005, 0.520733, 0.0121315,
0.520786, 0.520939, 0.520872, 0.52078, 0.0398287,
0.520943, 0.520887, 0.520584, 0.520657, 9.803e-05,
0.521013, 0.520771, 0.520694, 0.520785, 0.0399197,
0.520882, 0.520766, 0.520927, 0.520937, 0.00458318,
0.520951, 0.520984, 0.521032, 0.520877, 0.039393,
0.520961, 0.521101, 0.52089, 0.521073, 0.0400361,
0.520793, 0.521172, 0.520814, 0.521005, 0.0402777,
0.520738, 0.521104, 0.520806, 0.520835, 0.00336606,
0.520796, 0.52112, 0.520901, 0.520906, 0.0363509,
0.520948, 0.520957, 0.520814, 0.520932, 0.040071,
0.520846, 0.521023, 0.521144, 0.520935, 0.0399277,
0.520919, 0.521211, 0.520812, 0.520872, 0.0399981,
0.520964, 0.520923, 0.520932, 0.520741, 9.8974e-05,
0.52093, 0.52074, 0.520877, 0.520971, 0.0205331,
0.52093, 0.520955, 0.520762, 0.520971, 0.0129231,
0.521079, 0.520847, 0.520786, 0.520958, 0.0384039,
0.520995, 0.521015, 0.520697, 0.520838, 0.0400682,
0.520916, 0.520942, 0.520762, 0.520924, 0.0399706,
0.520916, 0.520821, 0.520733, 0.520835, 0.0400928,
0.520848, 0.520837, 0.520848, 0.520955, 0.039897,
0.520995, 0.520677, 0.520956, 0.521076, 0.0400449,
0.520793, 0.520489, 0.520835, 0.520911, 0.0399489,
0.520964, 0.520463, 0.520856, 0.520864, 0.040013,
0.520702, 0.521015, 0.520841, 0.520929, 0.0400476,
0.520851, 0.520559, 0.520804, 0.520777, 0.0399443,
0.520854, 0.520528, 0.520841, 0.52094, 0.039995,
0.520851, 0.520826, 0.520937, 0.520822, 0.0400195,
0.520487, 0.520457, 0.520888, 0.520945, 0.0399708,
0.520621, 0.520617, 0.520922, 0.520908, 0.0400254,
0.52071, 0.520847, 0.520875, 0.520914, 0.0400174,
0.520736, 0.52085, 0.520655, 0.520442, 0.0399793,
0.520901, 0.521421, 0.520827, 0.520673, 0.0400661,
0.521011, 0.520908, 0.520854, 0.520576, 0.0399803,
0.520901, 0.520798, 0.52082, 0.52078, 0.0177768,
0.520927, 0.520397, 0.520932, 0.520835, 0.0381599,
0.520888, 0.520554, 0.520924, 0.520571, 0.0400066,
0.520914, 0.520544, 0.520927, 0.520775, 0.0173412,
0.520966, 0.520371, 0.520738, 0.520594, 0.0386759,
0.520914, 0.520868, 0.52099, 0.520652, 0.0399913,
0.520943, 0.520816, 0.520977, 0.520393, 0.00727032,
0.521089, 0.520716, 0.521157, 0.520469, 0.0367295,
0.520937, 0.520942, 0.520953, 0.520403, 0.0400076,
0.521089, 0.520884, 0.520943, 0.520503, 0.040051,
0.521228, 0.520617, 0.521102, 0.520537, 0.0190982,
0.520704, 0.521044, 0.520895, 0.520704, 0.0286683,
0.520961, 0.520646, 0.520848, 0.520754, 0.0363286,
0.520699, 0.520682, 0.520861, 0.520798, 0.0398423,
0.520786, 0.521062, 0.521013, 0.520953, 0.0402252,
0.520712, 0.520578, 0.520804, 0.520924, 0.0397818,
0.520605, 0.520593, 0.52078, 0.520942, 0.0402032,
0.520631, 0.520703, 0.520605, 0.520937, 0.00126847,
0.52082, 0.520884, 0.520576, 0.520903, 0.0385918,
0.521042, 0.520693, 0.520683, 0.520754, 0.0399759,
0.520951, 0.521308, 0.520725, 0.520691, 0.0399693,
0.521068, 0.520779, 0.520882, 0.520853, 0.0400033,
0.520911, 0.520714, 0.52095, 0.520864, 0.040141,
0.52094, 0.520593, 0.520909, 0.520901, 0.000330093,
0.521016, 0.520379, 0.520953, 0.520856, 0.0395671,
0.520971, 0.520392, 0.520961, 0.520916, 0.0401709,
0.520977, 0.520298, 0.520657, 0.520775, 0.0300949,
0.521058, 0.520583, 0.52083, 0.520958, 0.0380801,
0.520875, 0.520659, 0.521042, 0.520901, 0.0396238,
0.520896, 0.520431, 0.520914, 0.520932, 0.0402031,
0.521037, 0.520397, 0.520814, 0.520958, 0.0397602,
0.521259, 0.520256, 0.520932, 0.520851, 0.0400686,
0.520786, 0.520457, 0.52106, 0.521003, 0.000280397,
0.520885, 0.520677, 0.520809, 0.520793, 0.0397258,
0.520867, 0.520591, 0.521042, 0.520966, 0.0400067,
0.520914, 0.520727, 0.521008, 0.52084, 0.040056,
0.520927, 0.521101, 0.5211, 0.520945, 0.00352957,
0.5205, 0.520819, 0.520953, 0.520961, 0.0363364,
0.52049, 0.520989, 0.521021, 0.520804, 0.039999,
0.520697, 0.520889, 0.520964, 0.520966, 0.0401011,
0.520736, 0.521162, 0.520744, 0.520859, 0.0399443,
0.520822, 0.520894, 0.520634, 0.520597, 0.00267601,
0.52067, 0.521541, 0.52088, 0.520688, 0.0372835,
0.52071, 0.521007, 0.520885, 0.520618, 0.0401638,
0.521097, 0.520829, 0.520806, 0.520958, 0.00881422,
0.521037, 0.521057, 0.520686, 0.52089, 0.0430309,
0.520906, 0.520821, 0.52066, 0.520927, 0.0410857,
0.520953, 0.520942, 0.520767, 0.520971, 0.0389491,
0.521005, 0.520908, 0.520534, 0.520861, 0.0399476,
0.520843, 0.521112, 0.520731, 0.520825, 0.0402709,
0.520927, 0.520813, 0.521094, 0.520903, 0.0397629,
0.520969, 0.520858, 0.520953, 0.520861, 0.0405714,
0.520948, 0.52084, 0.520799, 0.520921, 0.0394993,
0.52106, 0.520837, 0.520937, 0.520963, 0.0399211,
0.520927, 0.520897, 0.520662, 0.520906, 0.0401382,
0.520786, 0.520785, 0.520916, 0.520945, 0.0398795,
0.520783, 0.520921, 0.520924, 0.520908, 0.0400005,
0.520673, 0.520465, 0.520903, 0.520948, 0.0399561,
0.520668, 0.520531, 0.520937, 0.520853, 0.0400191,
0.520922, 0.520394, 0.520914, 0.52094, 0.0400441,
0.520937, 0.520583, 0.52078, 0.520804, 0.0399199,
0.520985, 0.520648, 0.520909, 0.52077, 0.0401265,
0.520903, 0.52158, 0.520964, 0.520749, 0.00443772,
0.521168, 0.520902, 0.520835, 0.520893, 0.0394476,
0.520964, 0.520963, 0.520786, 0.520762, 0.0401249,
0.520862, 0.520779, 0.520859, 0.520935, 0.0399202,
0.520869, 0.520735, 0.521, 0.521016, 0.0401378,
0.52106, 0.520792, 0.520621, 0.520647, 0.0398418,
0.520762, 0.521078, 0.520861, 0.520749, 0.0400262,
0.520935, 0.520737, 0.521024, 0.520662, 0.040003,
0.520958, 0.520758, 0.520998, 0.520809, 0.00116625,
0.520856, 0.520675, 0.520945, 0.52066, 0.0388296,
0.520838, 0.520811, 0.520775, 0.520688, 0.0401456,
0.52105, 0.520489, 0.520895, 0.520639, 0.039869,
0.520793, 0.520777, 0.521021, 0.520814, 0.00443263,
0.520958, 0.520635, 0.520882, 0.520777, 0.0395315,
0.52082, 0.520617, 0.520919, 0.520921, 0.0400361,
0.520775, 0.520816, 0.521034, 0.520916, 0.0400041,
0.520636, 0.52041, 0.520741, 0.520932, 0.0399477,
0.520608, 0.520614, 0.520728, 0.520882, 0.0399671,
0.520736, 0.520675, 0.520694, 0.520908, 0.0400441,
0.520951, 0.520499, 0.520498, 0.52084, 0.0400077,
0.520825, 0.52096, 0.52093, 0.520856, 0.0399899,
0.521121, 0.520779, 0.520984, 0.520859, 0.0399873,
0.520948, 0.520921, 0.520914, 0.520861, 0.0400348,
0.520987, 0.520785, 0.520906, 0.520935, 0.040007,
0.520943, 0.520955, 0.521286, 0.520898, 0.0399865,
0.520911, 0.520926, 0.520935, 0.52094, 0.0186229,
0.520966, 0.520887, 0.521039, 0.520948, 0.037326,
0.52089, 0.520934, 0.521019, 0.520911, 0.044037,
0.520982, 0.520842, 0.52105, 0.521026, 0.0359749,
0.520817, 0.520798, 0.520919, 0.52072, 0.0400272,
0.520937, 0.52069, 0.520948, 0.520579, 0.039973,
0.520906, 0.521073, 0.520898, 0.520798, 0.0400018,
0.520914, 0.521091, 0.520694, 0.520757, 8.8143e-05,
0.520943, 0.520913, 0.52039, 0.520495, 0.020552,
0.520888, 0.520879, 0.520662, 0.520707, 0.0246141,
0.520752, 0.521154, 0.520642, 0.520715, 0.0387881,
0.520663, 0.521447, 0.520754, 0.520961, 0.0400039,
0.520547, 0.520973, 0.520657, 0.520919, 0.03999,
0.520668, 0.520965, 0.520673, 0.520812, 0.0400096,
0.52067, 0.520915, 0.520741, 0.520916, 0.0033352,
0.52077, 0.520949, 0.520474, 0.520835, 0.036639,
0.521021, 0.520654, 0.520817, 0.520793, 0.0400425,
0.521037, 0.5209, 0.520851, 0.520767, 0.0399407,
0.521021, 0.52091, 0.520919, 0.520921, 0.0400632,
0.520974, 0.521159, 0.520793, 0.520924, 0.00222673,
0.520937, 0.520978, 0.520882, 0.520916, 0.0376922,
0.520982, 0.520944, 0.520835, 0.520628, 0.0399937,
0.520817, 0.520952, 0.520699, 0.520908, 0.0400598,
0.520937, 0.521025, 0.520903, 0.520804, 0.0399649,
0.520877, 0.520884, 0.520846, 0.520537, 0.0410046,
0.520914, 0.520748, 0.520841, 0.520785, 0.0390143,
0.520712, 0.520646, 0.520786, 0.520822, 0.0400276,
0.520788, 0.520549, 0.520767, 0.520935, 0.000980519,
0.520922, 0.520366, 0.520835, 0.520796, 0.0390302,
0.520707, 0.520811, 0.520678, 0.520843, 0.0399537,
0.520964, 0.520528, 0.520728, 0.520885, 0.0399962,
0.520681, 0.520651, 0.52095, 0.520877, 0.0400279,
0.520935, 0.520701, 0.520984, 0.520843, 0.000986629,
0.520927, 0.521046, 0.520882, 0.520969, 0.0389824,
0.520817, 0.520596, 0.520851, 0.520927, 0.0400482,
0.520914, 0.520507, 0.520987, 0.520937, 0.00818812,
0.520869, 0.520693, 0.520916, 0.520955, 0.0397658,
0.520953, 0.520735, 0.520733, 0.520885, 0.0399733,
0.52089, 0.520583, 0.520958, 0.520673, 0.0400145,
0.520953, 0.520771, 0.521074, 0.520573, 0.0399824,
0.520809, 0.521052, 0.52089, 0.520908, 0.0400363,
0.520877, 0.520934, 0.520919, 0.520971, 0.0400028,
0.521016, 0.520994, 0.520982, 0.520895, 0.0399874,
0.520833, 0.520834, 0.520888, 0.520963, 0.0441813,
0.520932, 0.520552, 0.520835, 0.520984, 0.0400416,
0.520922, 0.520785, 0.521081, 0.520751, 0.0397891,
0.520791, 0.520397, 0.520914, 0.52084, 0.039985,
0.520715, 0.520339, 0.520786, 0.520932, 0.0401462,
0.520642, 0.520457, 0.520765, 0.520872, 0.00763292,
0.520888, 0.520428, 0.520791, 0.520777, 0.0362926,
0.520948, 0.520724, 0.520736, 0.520814, 0.0399319,
0.520801, 0.520552, 0.520872, 0.521037, 0.0400088,
0.520762, 0.520622, 0.521029, 0.521, 9.5885e-05,
0.520736, 0.520648, 0.521039, 0.520869, 0.023031,
0.520736, 0.520774, 0.521163, 0.520911, 0.0121681,
0.520631, 0.521209, 0.520901, 0.521039, 0.0367423,
0.520754, 0.520756, 0.520916, 0.520984, 0.0399415,
0.520589, 0.520915, 0.520914, 0.520995, 0.040009,
0.520825, 0.520923, 0.520885, 0.520953, 0.0100328,
0.520699, 0.521109, 0.520877, 0.520825, 0.037973,
0.520911, 0.521167, 0.520751, 0.520835, 0.0400974,
0.520969, 0.520989, 0.520833, 0.520754, 0.0399096,
0.520951, 0.520826, 0.520937, 0.520853, 0.00820233,
0.521055, 0.520952, 0.520833, 0.520911, 0.0398536,
0.520956, 0.520876, 0.520906, 0.520932, 0.039992,
0.521066, 0.520957, 0.520893, 0.520908, 0.0399465,
0.520971, 0.521109, 0.520945, 0.520877, 9.4162e-05,
0.520903, 0.520923, 0.520762, 0.520906, 0.0159304,
0.521021, 0.520915, 0.520741, 0.520743, 0.0135003,
0.52082, 0.520842, 0.520786, 0.520754, 0.0384964,
0.520854, 0.521222, 0.520948, 0.520712, 0.0400256,
0.520964, 0.520926, 0.520835, 0.520948, 0.0400437,
0.520725, 0.520785, 0.520754, 0.520759, 0.0399162,
0.520935, 0.520842, 0.520909, 0.520678, 0.0400429,
0.52083, 0.521093, 0.520927, 0.52101, 0.0400184,
0.520966, 0.520635, 0.520697, 0.520963, 0.0408441,
0.520712, 0.520538, 0.520822, 0.520785, 0.0401955,
0.520901, 0.520884, 0.520977, 0.520929, 0.0388816,
0.520848, 0.520421, 0.520893, 0.520885, 0.0400195,
0.520937, 0.520612, 0.520911, 0.520893, 0.0400436,
0.520956, 0.520887, 0.520835, 0.520806, 0.0399277,
0.52093, 0.521031, 0.521, 0.520704, 0.0400323,
0.521042, 0.521421, 0.520901, 0.520633, 0.0400006,
0.520979, 0.521031, 0.520851, 0.520796, 0.0400618,
0.520924, 0.520816, 0.521102, 0.520783, 0.0399817,
0.520919, 0.521002, 0.521011, 0.520722, 0.0399443,
0.520945, 0.520889, 0.521039, 0.520921, 0.0399977,
0.520812, 0.520829, 0.520762, 0.520702, 0.0399883,
0.520775, 0.52102, 0.520969, 0.520602, 0.0400111,
0.520851, 0.520976, 0.52094, 0.520466, 0.0399847,
0.520827, 0.520737, 0.520885, 0.520717, 0.000490765,
0.520676, 0.52062, 0.520956, 0.520631, 0.0395631,
0.520859, 0.520826, 0.520911, 0.520547, 0.0400109,
0.520592, 0.521023, 0.520806, 0.520539, 0.040004,
0.520932, 0.520853, 0.52067, 0.520521, 0.0400044,
0.520694, 0.52091, 0.520746, 0.520777, 0.0399235,
0.52089, 0.521086, 0.520916, 0.520814, 0.0400746,
0.520893, 0.520693, 0.520919, 0.520969, 0.0399694,
0.520843, 0.520654, 0.52093, 0.520903, 0.0399701,
0.520906, 0.520845, 0.520618, 0.520935, 0.0402245,
0.520922, 0.520798, 0.520592, 0.520785, 0.00777016,
0.520974, 0.520787, 0.520513, 0.520707, 0.0363111,
0.521013, 0.520693, 0.520851, 0.520421, 0.0398122,
0.520919, 0.520779, 0.52099, 0.520618, 0.0399394,
0.520882, 0.520761, 0.521063, 0.520694, 0.0224073,
0.520859, 0.520782, 0.520966, 0.520838, 0.0126748,
0.520956, 0.520654, 0.520875, 0.520921, 0.0370613,
0.520851, 0.520622, 0.520958, 0.52095, 0.0398578,
0.520888, 0.520538, 0.520903, 0.520893, 0.0400396,
0.52083, 0.520847, 0.520961, 0.520895, 0.0399441,
0.520898, 0.520766, 0.521322, 0.520893, 0.0400298,
0.520909, 0.520758, 0.52099, 0.520827, 0.0123175,
0.521003, 0.520748, 0.520767, 0.520974, 0.0397086,
0.520888, 0.52052, 0.520911, 0.520759, 0.0399183,
0.520707, 0.520949, 0.520927, 0.520906, 0.0401704,
0.520935, 0.520894, 0.520628, 0.520859, 0.00193763,
0.520982, 0.520538, 0.520746, 0.521042, 0.0378948,
0.520922, 0.520596, 0.521, 0.520893, 0.0400096,
0.520974, 0.520837, 0.521029, 0.521003, 0.0399941,
0.52072, 0.520552, 0.520948, 0.520948, 0.00454817,
0.520869, 0.52062, 0.520932, 0.520992, 0.0394696,
0.520969, 0.520842, 0.520568, 0.520911, 0.0400454,
0.520893, 0.520816, 0.520304, 0.520812, 0.0399173,
0.520901, 0.520905, 0.520526, 0.520592, 0.0399945,
0.521108, 0.520842, 0.520545, 0.520623, 0.0399911,
0.52094, 0.520936, 0.520406, 0.520974, 0.0402474,
0.520911, 0.520724, 0.520388, 0.521071, 0.039821,
0.520911, 0.520829, 0.520568, 0.521005, 0.0399524,
0.521042, 0.521059, 0.520448, 0.520848, 0.0400306,
0.52094, 0.521088, 0.520686, 0.520987, 0.0400332,
0.521084, 0.520887, 0.521267, 0.520772, 0.0399408,
0.520956, 0.520596, 0.520914, 0.520806, 0.0400167,
0.520799, 0.520622, 0.520814, 0.520764, 0.0401494,
0.520482, 0.520698, 0.520547, 0.520859, 0.00741751,
0.520875, 0.520536, 0.52077, 0.520626, 0.0364269,
0.520618, 0.520952, 0.520799, 0.520707, 0.0400154,
0.520631, 0.520596, 0.520966, 0.520945, 0.0399865,
0.520649, 0.520601, 0.521097, 0.520872, 0.0400192,
0.520762, 0.520978, 0.520817, 0.520969, 0.0399756,
0.520608, 0.520769, 0.520898, 0.520958, 0.0399828,
0.520683, 0.520761, 0.520932, 0.521008, 0.0400099,
0.52077, 0.520819, 0.52066, 0.520817, 0.040039,
0.520867, 0.521075, 0.520856, 0.520694, 0.0409554,
0.520966, 0.520939, 0.521121, 0.520631, 0.0402594,
0.521074, 0.520748, 0.521157, 0.520736, 0.0387315,
0.521053, 0.520963, 0.520882, 0.520736, 0.0128829,
0.520812, 0.520894, 0.520385, 0.520817, 0.0391394,
0.521087, 0.520947, 0.520361, 0.520605, 0.0399742,
0.521008, 0.520981, 0.520217, 0.520565, 0.0400164,
0.520945, 0.520751, 0.520144, 0.520641, 0.0168008,
0.520979, 0.521002, 0.520432, 0.520492, 0.039176,
0.520935, 0.520853, 0.520875, 0.520733, 0.0400359,
0.52094, 0.520795, 0.520888, 0.52073, 0.0117947,
0.520985, 0.520544, 0.520903, 0.520696, 0.0362266,
0.521081, 0.52046, 0.521066, 0.520586, 0.0400448,
0.520961, 0.520991, 0.520744, 0.520709, 0.0399805,
0.52099, 0.520816, 0.520744, 0.520707, 0.00552019,
0.520924, 0.520724, 0.520838, 0.520798, 0.0384323,
0.520594, 0.520787, 0.521118, 0.520853, 0.039954,
0.52071, 0.521093, 0.521173, 0.521021, 0.0400157,
0.520456, 0.520609, 0.520992, 0.520997, 0.0400461,
0.520555, 0.520732, 0.52088, 0.520932, 0.0119536,
0.5206, 0.520884, 0.520909, 0.520901, 0.0364649,
0.520587, 0.520926, 0.520909, 0.520945, 0.039607,
0.520752, 0.520889, 0.520665, 0.520759, 0.00123751,
0.520919, 0.521167, 0.520741, 0.520848, 0.0386947,
0.520964, 0.520989, 0.520888, 0.52062, 0.0400832,
0.520971, 0.520868, 0.520903, 0.520764, 0.0399733,
0.520901, 0.520863, 0.520822, 0.520887, 0.0400438,
0.520956, 0.520955, 0.520683, 0.520783, 0.0398922,
0.520979, 0.520908, 0.520778, 0.520853, 0.000106556,
0.521121, 0.520829, 0.520642, 0.520746, 0.0399379,
0.520982, 0.520785, 0.520636, 0.520882, 0.0080961,
0.520856, 0.521143, 0.520885, 0.520901, 0.0399155,
0.521081, 0.52079, 0.521212, 0.520911, 0.0400871,
0.520862, 0.520719, 0.52094, 0.520901, 0.0399393,
0.520825, 0.520609, 0.520935, 0.520932, 0.0400531,
0.521189, 0.520303, 0.520979, 0.520812, 0.0398604,
0.520757, 0.520688, 0.520945, 0.520767, 0.0106309,
0.521024, 0.520819, 0.520657, 0.520696, 0.0374593,
0.520801, 0.520672, 0.520911, 0.521016, 0.0399242,
0.520846, 0.520771, 0.521343, 0.521052, 0.0400562,
0.520854, 0.520586, 0.520969, 0.521188, 0.0399946,
0.520875, 0.520737, 0.520875, 0.521099, 0.0405078,
0.520896, 0.520955, 0.520841, 0.520976, 0.0394316,
0.520935, 0.520787, 0.520644, 0.520615, 0.04002,
0.520862, 0.521292, 0.52056, 0.520819, 0.039988,
0.521013, 0.52085, 0.520835, 0.520882, 0.040044,
0.52093, 0.520947, 0.520882, 0.520885, 0.040235,
0.520958, 0.520928, 0.520765, 0.520898, 0.0399062,
0.521013, 0.521025, 0.520927, 0.52083, 0.0398129,
0.520979, 0.520996, 0.520814, 0.520801, 0.0402141,
0.520725, 0.521274, 0.520984, 0.520707, 0.0399137,
0.52093, 0.520834, 0.521024, 0.520681, 0.0399716,
0.520807, 0.520769, 0.520911, 0.520626, 0.0399812,
0.520757, 0.520578, 0.520827, 0.520633, 0.00451128,
0.520733, 0.520578, 0.520668, 0.520649, 0.0394108,
0.520759, 0.520379, 0.520699, 0.520542, 0.0400607,
0.520809, 0.520999, 0.520464, 0.520665, 0.00370432,
0.520966, 0.520813, 0.52033, 0.520691, 0.0362279,
0.520793, 0.520619, 0.520678, 0.520767, 0.0400381,
0.520772, 0.520753, 0.520987, 0.520793, 0.0399962,
0.520809, 0.520504, 0.520898, 0.520979, 0.0399668,
0.520772, 0.52053, 0.520924, 0.520916, 0.0400669,
0.520817, 0.520494, 0.520932, 0.520974, 0.0399731,
0.520924, 0.520489, 0.520754, 0.52073, 0.0399668,
0.520793, 0.52119, 0.520943, 0.520767, 0.0400205,
0.521108, 0.52064, 0.521092, 0.520728, 0.0399821,
0.520875, 0.520795, 0.520875, 0.520746, 0.0400222,
0.520856, 0.520832, 0.520875, 0.520722, 0.0400311,
0.520906, 0.520926, 0.520932, 0.520743, 0.0399464,
0.5211, 0.520826, 0.520744, 0.520654, 0.0400065,
0.520796, 0.520774, 0.521139, 0.520801, 0.0399741,
0.520987, 0.520593, 0.521212, 0.520814, 0.0399904,
0.520759, 0.520551, 0.520869, 0.52073, 0.0400167,
0.520757, 0.520533, 0.520977, 0.520788, 0.042145,
0.520817, 0.520575, 0.520927, 0.520911, 0.0378681,
0.520911, 0.520742, 0.520448, 0.520767, 0.040072,
0.520812, 0.520431, 0.520809, 0.520992, 0.0399464,
0.520937, 0.520557, 0.521021, 0.520827, 0.0399653,
0.520765, 0.520502, 0.520956, 0.520903, 0.0400573,
0.520678, 0.520727, 0.520948, 0.520976, 0.0399383,
0.520927, 0.520703, 0.520979, 0.520997, 0.0401034,
0.520663, 0.520756, 0.520833, 0.520898, 0.0409562,
0.520817, 0.520664, 0.520636, 0.520542, 0.00179171,
0.520835, 0.5209, 0.520906, 0.520649, 0.037166,
0.521042, 0.520774, 0.520958, 0.520675, 0.0400104,
0.520911, 0.521075, 0.520801, 0.520806, 0.0400121,
0.520935, 0.520962, 0.520846, 0.520958, 0.0399968,
0.520964, 0.521007, 0.520841, 0.52089, 0.0400491,
0.520937, 0.520753, 0.520419, 0.520633, 0.0446042,
0.52105, 0.520813, 0.520851, 0.520709, 0.0473795,
0.521016, 0.520745, 0.520987, 0.520861, 0.0361988,
0.520851, 0.520512, 0.52082, 0.520673, 0.0400474,
0.520814, 0.520441, 0.520861, 0.52077, 0.0397887,
0.520738, 0.520625, 0.520935, 0.520932, 0.0399242,
0.52083, 0.520818, 0.52078, 0.520919, 0.0399885,
0.521037, 0.520688, 0.520775, 0.520966, 0.0108474,
0.52083, 0.520782, 0.520924, 0.520945, 0.0383489,
0.520801, 0.521256, 0.520932, 0.520995, 0.0388166,
0.52061, 0.520491, 0.521084, 0.521037, 0.0400068,
0.520725, 0.520585, 0.520932, 0.521005, 0.00480111,
0.520571, 0.520622, 0.520749, 0.520911, 0.0392017,
0.520621, 0.520735, 0.520733, 0.520887, 0.0408403,
0.520762, 0.520706, 0.52077, 0.520788, 0.0391635,
0.520746, 0.520858, 0.521228, 0.520754, 0.0399987,
0.520977, 0.520695, 0.521453, 0.520953, 0.0399962,
0.520932, 0.520811, 0.521283, 0.520937, 0.00106344,
0.520982, 0.520797, 0.521301, 0.520906, 0.0389305,
0.520885, 0.520688, 0.521034, 0.520906, 0.039987,
0.521123, 0.520918, 0.520751, 0.520686, 0.0400154,
0.520888, 0.5208, 0.520652, 0.520757, 0.0399916,
0.520733, 0.521211, 0.520827, 0.520832, 0.0206471,
0.520809, 0.520962, 0.520869, 0.520754, 0.0119964,
0.521011, 0.520886, 0.52116, 0.520948, 0.03935,
0.520657, 0.52075, 0.520922, 0.520827, 0.0400286,
0.520608, 0.520816, 0.520982, 0.520741, 0.0399922,
0.520723, 0.52086, 0.520969, 0.520746, 0.0402162,
0.520783, 0.520965, 0.520547, 0.520584, 0.0397982,
0.520772, 0.520939, 0.52089, 0.520921, 0.0399743,
0.520943, 0.521229, 0.521008, 0.52101, 0.0401513,
0.520697, 0.52101, 0.520898, 0.520914, 0.0398541,
0.520618, 0.521012, 0.520765, 0.521003, 0.0400618,
0.520809, 0.520918, 0.520689, 0.520945, 0.0399448,
0.520699, 0.520787, 0.520665, 0.520767, 0.0399839,
0.520757, 0.520897, 0.52083, 0.520725, 0.0400302,
0.520961, 0.520729, 0.521341, 0.520762, 0.039976,
0.520898, 0.520722, 0.521003, 0.520908, 0.0400353,
0.520817, 0.520813, 0.520817, 0.520916, 0.0400862,
0.52099, 0.52096, 0.520958, 0.52084, 0.0398727,
0.520875, 0.520957, 0.520856, 0.520885, 0.00722253,
0.520964, 0.52091, 0.520662, 0.520691, 0.0370369,
0.520812, 0.521358, 0.520838, 0.520819, 0.0398241,
0.52082, 0.52097, 0.521039, 0.520733, 0.00763258,
0.520877, 0.520957, 0.520932, 0.520843, 0.0362933,
0.520951, 0.520805, 0.520801, 0.52067, 0.0399757,
0.520945, 0.520782, 0.52072, 0.520806, 0.0093431,
0.520961, 0.520622, 0.520788, 0.520607, 0.0387118,
0.520733, 0.52118, 0.520694, 0.520814, 0.0402982,
0.520835, 0.520635, 0.520746, 0.520822, 0.0396317,
0.520788, 0.520483, 0.520992, 0.520948, 0.0402174,
0.520869, 0.520583, 0.521013, 0.520772, 0.00152201,
0.520752, 0.520936, 0.520707, 0.520927, 0.0382902,
0.520649, 0.520816, 0.520668, 0.520955, 0.040076,
0.52067, 0.520952, 0.520668, 0.520812, 0.0399772,
0.52066, 0.520921, 0.520733, 0.520757, 0.00245005,
0.52093, 0.520996, 0.520461, 0.520869, 0.0378473,
0.520916, 0.520876, 0.520359, 0.520772, 0.0401935,
0.520945, 0.520871, 0.520429, 0.52062, 0.0394546,
0.520969, 0.520803, 0.520587, 0.52073, 0.0400056,
0.520906, 0.520839, 0.520668, 0.520678, 0.0402456,
0.520937, 0.520748, 0.520558, 0.520796, 0.00255886,
0.520966, 0.520708, 0.520728, 0.520696, 0.0371628,
0.520697, 0.520915, 0.520751, 0.520738, 0.0402361,
0.520898, 0.520905, 0.520615, 0.52051, 0.0398166,
0.520867, 0.5209, 0.520767, 0.52067, 0.00237788,
0.520869, 0.521169, 0.520911, 0.520639, 0.0378626,
0.520943, 0.520886, 0.521123, 0.520901, 0.0397836,
0.520851, 0.520591, 0.520958, 0.52078, 0.0399423,
0.520744, 0.52068, 0.520974, 0.52073, 9.6172e-05,
0.520793, 0.520708, 0.520814, 0.520767, 0.0172928,
0.521168, 0.520633, 0.521283, 0.520704, 0.0362651,
0.520898, 0.521067, 0.521163, 0.520814, 0.0383809,
0.520738, 0.520481, 0.521149, 0.520924, 0.0399877,
0.52094, 0.520585, 0.521194, 0.520764, 0.0406018,
0.52088, 0.52107, 0.520969, 0.520893, 0.0393815,
0.52082, 0.520512, 0.520943, 0.52106, 0.0399941,
0.520812, 0.520596, 0.520953, 0.520908, 0.0400059,
0.520903, 0.520578, 0.520419, 0.520804, 0.040014,
0.520969, 0.520462, 0.520348, 0.520568, 0.0400087,
0.520752, 0.520913, 0.520461, 0.520641, 0.0400159,
0.520919, 0.520693, 0.520626, 0.52077, 0.039983,
0.520888, 0.520777, 0.520623, 0.520887, 0.0401793,
0.521068, 0.520803, 0.520647, 0.520725, 0.0398433,
0.520749, 0.520784, 0.520872, 0.520791, 0.0399627,
0.520985, 0.520732, 0.520762, 0.520652, 0.0400437,
0.520867, 0.520934, 0.520901, 0.520542, 0.00541104,
0.52094, 0.52075, 0.5215, 0.520497, 0.0385506,
0.52089, 0.520619, 0.521215, 0.520694, 0.0400266,
0.520859, 0.52046, 0.520971, 0.520623, 0.0310354,
0.521113, 0.520164, 0.520935, 0.520524, 0.0369337,
0.520754, 0.520829, 0.520704, 0.520791, 0.0400399,
0.520903, 0.520633, 0.520505, 0.520602, 0.0399787,
0.520804, 0.520596, 0.520697, 0.520822, 0.00494038,
0.52082, 0.520719, 0.520985, 0.52078, 0.0390316,
0.520841, 0.521248, 0.520778, 0.521102, 0.0399912,
0.520539, 0.520588, 0.5206, 0.520921, 0.0400029,
0.520597, 0.520562, 0.520574, 0.520916, 0.00319256,
0.520396, 0.520688, 0.52061, 0.520801, 0.036868,
0.520498, 0.520941, 0.520317, 0.520874, 0.039971,
0.520992, 0.520871, 0.520118, 0.520573, 0.0402679,
0.521013, 0.521112, 0.520372, 0.520793, 0.00994303,
0.52093, 0.520826, 0.520919, 0.520791, 0.0378552,
0.520979, 0.52091, 0.520827, 0.520901, 0.0399657,
0.520786, 0.520863, 0.520859, 0.520932, 0.0399475,
0.520969, 0.520661, 0.52083, 0.520757, 0.0400144,
0.520932, 0.520813, 0.520922, 0.52078, 0.0399994,
0.520937, 0.520664, 0.520749, 0.520812, 0.0400039,
0.521095, 0.520952, 0.521021, 0.520722, 0.0399472,
0.520948, 0.520795, 0.521074, 0.520997, 0.0400037,
0.520817, 0.520528, 0.52089, 0.520903, 0.0400499,
0.520893, 0.520588, 0.520914, 0.520961, 0.00446094,
0.520953, 0.520536, 0.521045, 0.520924, 0.0395096,
0.520945, 0.521023, 0.520812, 0.521047, 0.0405182,
0.520953, 0.52068, 0.520786, 0.520903, 0.0397605,
0.520555, 0.520826, 0.521029, 0.520877, 0.0397549,
0.520762, 0.521201, 0.520854, 0.520945, 0.0399917,
0.520676, 0.520564, 0.520827, 0.520982, 0.0400299,
0.520571, 0.520648, 0.520827, 0.52094, 0.00189748,
0.520511, 0.520661, 0.520885, 0.520935, 0.0381458,
0.520663, 0.520813, 0.520752, 0.520846, 0.0399092,
0.520809, 0.520368, 0.520647, 0.520741, 0.0400249,
0.520746, 0.520758, 0.520697, 0.52078, 0.00452801,
0.520979, 0.520742, 0.521021, 0.520806, 0.0488821,
0.520958, 0.520931, 0.520911, 0.520929, 0.038574,
0.520958, 0.520952, 0.520882, 0.520929, 0.0399716,
0.520911, 0.520965, 0.52067, 0.520958, 8.8989e-05,
0.520885, 0.520921, 0.520702, 0.52066, 0.0203316,
0.520848, 0.52096, 0.520846, 0.520615, 0.0130073,
0.521045, 0.520811, 0.520733, 0.520592, 0.0385705,
0.520985, 0.52091, 0.520581, 0.520662, 0.0400583,
0.520752, 0.520936, 0.520848, 0.520623, 0.0399932,
0.520812, 0.52079, 0.520953, 0.52062, 0.00552669,
0.520825, 0.520672, 0.520786, 0.520607, 0.0385196,
0.520992, 0.520465, 0.520843, 0.520537, 0.0517072,
0.521126, 0.520478, 0.521084, 0.520484, 0.0237987,
0.520793, 0.520986, 0.52082, 0.520408, 0.0365239,
0.520979, 0.520782, 0.52093, 0.520351, 0.0410214,
0.520704, 0.520915, 0.520992, 0.520435, 0.038868,
0.520799, 0.521402, 0.520796, 0.520866, 0.0401023,
0.520683, 0.520795, 0.520867, 0.520908, 0.0398933,
0.520526, 0.520947, 0.520814, 0.520903, 0.0399851,
0.520568, 0.521015, 0.52067, 0.520898, 0.0400026,
0.520652, 0.520821, 0.520636, 0.52078, 0.0400578,
0.520589, 0.521012, 0.520699, 0.520827, 0.00113162,
0.520579, 0.521261, 0.520663, 0.520767, 0.0388322,
0.520759, 0.520879, 0.520851, 0.520966, 0.0400283,
0.520919, 0.520939, 0.520791, 0.520827, 0.0399942,
0.520961, 0.520913, 0.520733, 0.520825, 0.0399761,
0.520914, 0.520999, 0.520924, 0.520932, 0.0399939,
0.520932, 0.520871, 0.520864, 0.520788, 0.0400607,
0.520862, 0.520792, 0.52105, 0.520694, 0.0399652,
0.520964, 0.520559, 0.520801, 0.520877, 0.0402298,
0.520718, 0.520457, 0.520893, 0.520819, 0.0397545,
0.520893, 0.520428, 0.521163, 0.520725, 0.0400129,
0.520778, 0.520944, 0.520668, 0.520929, 0.0399933,
0.520951, 0.520612, 0.520495, 0.520901, 0.040002,
0.520796, 0.520719, 0.520796, 0.520966, 0.0399899,
0.520814, 0.52119, 0.520697, 0.520963, 0.039988,
0.520741, 0.520656, 0.520765, 0.52101, 0.0401863,
0.520689, 0.520667, 0.520757, 0.520953, 0.0398505,
0.520919, 0.520913, 0.520718, 0.520864, 0.00439275,
0.520945, 0.520936, 0.520673, 0.520976, 0.0399159,
0.52106, 0.520653, 0.520492, 0.520785, 0.0396634,
0.52093, 0.521067, 0.520825, 0.520838, 0.0400246,
0.52094, 0.521002, 0.520804, 0.520963, 0.0399979,
0.521066, 0.520913, 0.520762, 0.520997, 0.0399631,
0.521019, 0.52079, 0.52082, 0.520838, 0.0400019,
0.520951, 0.520947, 0.520898, 0.521018, 0.0399995,
0.520958, 0.520949, 0.520867, 0.520801, 0.0400704,
0.520801, 0.520894, 0.521, 0.520529, 0.0399943,
0.520911, 0.520826, 0.520893, 0.520678, 0.0399669,
0.520568, 0.52057, 0.520788, 0.520489, 0.0400701,
0.520778, 0.520667, 0.52093, 0.520544, 0.0398905,
0.520723, 0.521025, 0.520657, 0.520558, 0.0400721,
0.520749, 0.520947, 0.52056, 0.520497, 0.0399745,
0.520825, 0.520732, 0.520807, 0.520804, 0.000845377,
0.520885, 0.520777, 0.520833, 0.520796, 0.0391016,
0.520906, 0.521193, 0.520948, 0.520759, 0.0400246,
0.520935, 0.520926, 0.520765, 0.520751, 0.0399999,
0.520783, 0.520989, 0.520707, 0.520887, 0.040056,
0.520948, 0.520923, 0.520571, 0.520927, 0.00204272,
0.520974, 0.520947, 0.520602, 0.520866, 0.0379244,
0.520937, 0.520633, 0.520783, 0.520691, 0.0399722,
0.520754, 0.521376, 0.520812, 0.520668, 0.0223532,
0.521008, 0.520606, 0.521314, 0.520736, 0.0376533,
0.521016, 0.520797, 0.521212, 0.52078, 0.0400401,
0.520885, 0.520617, 0.521003, 0.520741, 0.0400054,
0.520885, 0.52079, 0.520901, 0.520832, 0.0400031,
0.521105, 0.520714, 0.520508, 0.520759, 0.0399922,
0.520932, 0.520494, 0.520482, 0.520835, 0.00849944,
0.520854, 0.520968, 0.520712, 0.520801, 0.0394739,
0.520867, 0.52086, 0.520932, 0.520992, 0.0400221,
0.520752, 0.520792, 0.520867, 0.52084, 0.0399845,
0.520791, 0.520771, 0.520827, 0.52099, 0.0399829,
0.520924, 0.520926, 0.521045, 0.520832, 0.00293506,
0.520807, 0.521078, 0.520872, 0.521024, 0.037034,
0.520943, 0.520879, 0.520503, 0.520859, 0.0400611,
0.520571, 0.520758, 0.520916, 0.521068, 0.0399749,
0.520655, 0.520638, 0.521102, 0.520872, 0.0401042,
0.520668, 0.52096, 0.521079, 0.521, 0.00206461,
0.520817, 0.520583, 0.520817, 0.520984, 0.0378011,
0.520584, 0.52086, 0.520953, 0.521003, 0.0401351,
0.520626, 0.520837, 0.520875, 0.520927, 0.0399109,
0.520644, 0.520716, 0.520893, 0.520982, 0.00193964,
0.520971, 0.520578, 0.520615, 0.520584, 0.0380589,
0.520702, 0.521112, 0.520788, 0.52055, 0.0400272,
0.520898, 0.520763, 0.521129, 0.520579, 0.039965,
0.520935, 0.521025, 0.520951, 0.520736, 0.016256,
0.520935, 0.520824, 0.520754, 0.52078, 0.0398273,
0.520893, 0.520892, 0.520652, 0.520746, 0.0399079,
0.521063, 0.520941, 0.520775, 0.520715, 0.00849902,
0.520783, 0.520983, 0.520621, 0.520542, 0.0395337,
0.520893, 0.521067, 0.52055, 0.520757, 0.0399755,
0.520919, 0.520936, 0.521029, 0.520544, 0.0400338,
0.520969, 0.520737, 0.520927, 0.520866, 0.0399604,
0.520754, 0.52063, 0.52082, 0.520767, 0.00340006,
0.520812, 0.520601, 0.520759, 0.520725, 0.0366245,
0.520843, 0.52052, 0.520767, 0.520851, 0.0399746,
0.521087, 0.520321, 0.52089, 0.520762, 9.3406e-05,
0.520937, 0.520892, 0.520937, 0.520885, 0.0399142,
0.520924, 0.521015, 0.520665, 0.520843, 9.8705e-05,
0.52094, 0.520782, 0.520487, 0.520636, 0.0181515,
0.520838, 0.520826, 0.520896, 0.520777, 0.0245194,
0.520896, 0.520816, 0.521089, 0.520733, 0.037268,
0.520854, 0.521072, 0.521068, 0.520955, 0.0400348,
0.520841, 0.520701, 0.520867, 0.52095, 0.00835707,
0.520851, 0.520423, 0.520841, 0.520953, 0.0395699,
0.520911, 0.520457, 0.520786, 0.520945, 0.040016,
0.520964, 0.520355, 0.520848, 0.520793, 0.0399435,
0.520982, 0.520303, 0.520961, 0.520764, 0.0400178,
0.520665, 0.520303, 0.520961, 0.520712, 9.6602e-05,
0.520741, 0.520627, 0.52094, 0.520688, 0.0194434,
0.520793, 0.520541, 0.521212, 0.520654, 0.012548,
0.520987, 0.520413, 0.521246, 0.520869, 0.0399571,
0.521047, 0.520643, 0.520867, 0.520817, 0.0399867,
0.521037, 0.520845, 0.520833, 0.520702, 0.0400165,
0.520888, 0.520944, 0.52071, 0.520827, 0.0399871,
0.520924, 0.520821, 0.520623, 0.520607, 0.0401407,
0.520817, 0.520855, 0.520922, 0.520594, 0.0398796,
0.520953, 0.520774, 0.52104, 0.52067, 0.0399719,
0.520639, 0.520711, 0.520796, 0.520615, 0.039998,
0.520864, 0.520787, 0.521058, 0.520555, 0.039968,
0.520882, 0.520981, 0.520945, 0.520558, 0.0402007,
0.520922, 0.520727, 0.520914, 0.520615, 0.0398434,
0.520924, 0.520839, 0.520987, 0.520696, 0.0403594,
0.520948, 0.52113, 0.521034, 0.520963, 0.0395919,
0.520718, 0.520648, 0.520817, 0.521092, 0.010925,
0.520786, 0.52075, 0.520846, 0.520963, 0.0371402,
0.520822, 0.520784, 0.520893, 0.520995, 0.0400051,
0.520804, 0.52096, 0.520715, 0.520856, 0.0401754,
0.520958, 0.520837, 0.520715, 0.520885, 0.0398097,
0.520909, 0.521188, 0.520916, 0.520906, 0.00175154,
0.520964, 0.52068, 0.521529, 0.520911, 0.0382001,
0.520948, 0.520923, 0.520995, 0.520911, 0.0400429,
0.520809, 0.520931, 0.520746, 0.520903, 0.0400156,
0.521013, 0.521017, 0.520793, 0.520772, 0.0400969,
0.52089, 0.520826, 0.520657, 0.520872, 0.0399164,
0.520875, 0.52097, 0.520508, 0.520919, 0.0399562,
0.520916, 0.520907, 0.520697, 0.520866, 0.0400723,
0.521047, 0.520761, 0.521273, 0.520743, 0.00264211,
0.520814, 0.52068, 0.520799, 0.520722, 0.0372813,
0.520649, 0.520413, 0.520848, 0.52067, 0.0401835,
0.520649, 0.520219, 0.521032, 0.521086, 0.0397824,
0.520733, 0.520737, 0.520477, 0.520864, 0.0400112,
0.520778, 0.52068, 0.520707, 0.52099, 0.0339878,
0.520673, 0.520667, 0.520833, 0.52094, 0.0381044,
0.520765, 0.521046, 0.520995, 0.521018, 0.0399248,
0.52061, 0.520672, 0.520927, 0.52099, 0.040007,
0.520398, 0.520989, 0.520916, 0.520901, 0.040078,
0.520558, 0.520952, 0.520759, 0.52105, 0.0399336,
0.520584, 0.52102, 0.520629, 0.520856, 0.00405838,
0.520943, 0.520816, 0.520581, 0.520767, 0.0359674,
0.520911, 0.52147, 0.520558, 0.520921, 0.0399615,
0.520998, 0.520965, 0.520843, 0.520953, 0.0400112,
0.520985, 0.520994, 0.520838, 0.52099, 0.0400061,
0.520909, 0.521033, 0.520618, 0.520793, 0.0399894,
0.52094, 0.520978, 0.520804, 0.520919, 0.0400286,
0.521045, 0.520708, 0.520424, 0.520699, 0.0399878,
0.520956, 0.521287, 0.520733, 0.520702, 0.0400317,
0.520922, 0.520837, 0.521037, 0.520851, 0.0399516,
0.520909, 0.520609, 0.52094, 0.520743, 0.0400618,
0.520851, 0.520489, 0.520848, 0.520783, 0.0400302,
0.520814, 0.520635, 0.520958, 0.52094, 0.0398953,
0.520953, 0.520585, 0.520702, 0.520898, 0.0402466,
0.52066, 0.520601, 0.520937, 0.520929, 0.039752,
0.520749, 0.520894, 0.521184, 0.520987, 0.0399912,
0.520702, 0.52063, 0.521063, 0.520948, 0.0400658,
0.520584, 0.520677, 0.520964, 0.520969, 0.00875965,
0.520741, 0.520803, 0.52089, 0.520866, 0.0391969,
0.520864, 0.520787, 0.520969, 0.520901, 0.0400135,
0.520987, 0.520907, 0.520822, 0.520848, 0.000107163,
0.520974, 0.520769, 0.520665, 0.520712, 0.0200531,
0.52099, 0.52096, 0.520678, 0.520743, 0.0221007,
0.520885, 0.520936, 0.520875, 0.520524, 0.0377076,
0.520974, 0.520952, 0.520864, 0.520709, 0.0400749,
0.520945, 0.520983, 0.520846, 0.520516, 0.0400326,
0.521084, 0.52086, 0.52067, 0.520673, 0.00439002,
0.520943, 0.520907, 0.520689, 0.520589, 0.0395185,
0.520767, 0.52079, 0.520757, 0.520872, 0.0399848,
0.520896, 0.520829, 0.520621, 0.520702, 0.0400247,
0.520948, 0.520873, 0.521074, 0.520602, 0.040007,
0.520958, 0.5209, 0.521149, 0.520681, 0.0401801,
0.520851, 0.520745, 0.520814, 0.520529, 0.0120172,
0.520872, 0.520711, 0.520898, 0.520597, 0.0398217,
0.521108, 0.520685, 0.520932, 0.520665, 0.0399599,
0.520663, 0.521012, 0.520615, 0.520783, 0.0400139,
0.521034, 0.520777, 0.520388, 0.520715, 0.00757294,
0.520862, 0.520711, 0.520581, 0.520976, 0.0364316,
0.520749, 0.52096, 0.520945, 0.521042, 0.0399896,
0.520723, 0.520962, 0.520937, 0.520987, 0.0400086,
0.520731, 0.520703, 0.520937, 0.520945, 9.5825e-05,
0.520631, 0.520832, 0.520872, 0.520893, 0.0201692,
0.520539, 0.520858, 0.520793, 0.520809, 0.0239702,
0.520482, 0.520921, 0.520704, 0.520901, 0.0397864,
0.520833, 0.520724, 0.520566, 0.52062, 0.039998,
0.520725, 0.521198, 0.520621, 0.520814, 0.0399497,
0.520924, 0.52102, 0.520856, 0.5205, 0.0400932,
0.52094, 0.520839, 0.52094, 0.520563, 0.000607291,
0.520906, 0.520858, 0.520846, 0.520539, 0.0393188,
0.520979, 0.520688, 0.520443, 0.520639, 0.0400643,
0.521105, 0.520609, 0.520503, 0.520579, 0.0093364,
0.520953, 0.520685, 0.520629, 0.520537, 0.0386599,
0.521032, 0.52074, 0.520367, 0.520476, 0.0399179,
0.520835, 0.521057, 0.520809, 0.520455, 0.0400255,
0.520937, 0.52091, 0.521129, 0.520631, 0.0400288,
0.52094, 0.520551, 0.520754, 0.52066, 0.0399796,
0.520903, 0.520489, 0.520927, 0.520743, 0.0400369,
0.520932, 0.520557, 0.520943, 0.520636, 0.00556384,
0.520935, 0.520722, 0.520935, 0.520843, 0.0386217,
0.52088, 0.520824, 0.520547, 0.520817, 0.0397628,
0.520631, 0.520839, 0.520932, 0.520906, 0.0400079,
0.520791, 0.521057, 0.520966, 0.521021, 0.0399557,
0.520576, 0.520538, 0.520767, 0.520908, 0.0400745,
0.520587, 0.52069, 0.520869, 0.520958, 0.000165332,
0.520526, 0.520784, 0.52077, 0.520966, 0.00917088,
0.520786, 0.520923, 0.520738, 0.521037, 0.0362054,
0.520731, 0.521015, 0.520754, 0.520963, 0.0384403,
0.520927, 0.520983, 0.520673, 0.520623, 0.0400024,
0.420237, 0.477362, 0.476959, 0.401867, 0.0399786,
0.200192, 0.286107, 0.314346, 0.195234, 0.0400699,
